10 #m
15 #n
0 s0 0 c0 0.0907254415007 0.115660184237 0.144426752899 3 2 0 3 0 0 3 1 0 2 1 0 2 0 0 1 0 0.18834386425 1 1 0.81165613575
0 s0 1 c1 0 0.0 0 3 2 0 3 0 0 3 1 0 2 1 0 2 0 0 1 0 0 1 1 1.0
0 s0 2 c2 0 0.0 0 3 2 0 3 0 0 3 1 0 2 1 0 2 0 0 1 0 0 1 1 1.0
0 s0 3 c3 0.0424461081882 0.0606060606061 0.0832763805386 3 2 0 3 0 0 3 1 0.095624264561 2 1 0 2 0 0 1 0 0 1 1 0.904375735439
0 s0 4 c4 0 0.0 0 3 2 0 3 0 0 3 1 0 2 1 0 2 0 0 1 0 0 1 1 1.0
0 s0 5 c5 0 0.0 0 3 2 0 3 0 0 3 1 0 2 1 0 2 0 0 1 0 0 1 1 1.0
0 s0 6 c6 0 0.0 0 3 2 0 3 0 0 3 1 0 2 1 0 2 0 0 1 0 0 1 1 1.0
0 s0 7 c7 0.217862934776 0.251937984496 0.288338192866 3 2 0 3 0 0 3 1 0 2 1 0 2 0 0.259680985354 1 0 0 1 1 0.740319014646
0 s0 8 c8 0.0750468485876 0.0974658869396 0.123711777867 3 2 0 3 0 0.18834386425 3 1 0 2 1 0 2 0 0 1 0 0 1 1 0.81165613575
0 s0 9 c9 0.110924904537 0.138253638254 0.169239080871 3 2 0 3 0 0 3 1 0 2 1 0 2 0 0 1 0 0 1 1 1.0
0 s0 10 c10 0.0113007062181 0.0213414634146 0.0362533130123 3 2 0 3 0 0 3 1 0 2 1 0 2 0 0 1 0 0 1 1 1.0
0 s0 11 c11 0.154468751632 0.184135977337 0.216694068467 3 2 0 3 0 0 3 1 0 2 1 0 2 0 0 1 0 0 1 1 1.0
0 s0 12 c12 0 0.0 0 3 2 0 3 0 0 3 1 0 2 1 0 2 0 0 1 0 0 1 1 1.0
0 s0 13 c13 0.303882617771 0.34184675835 0.381311517944 3 2 0 3 0 0 3 1 0 2 1 0 2 0 0 1 0 0 1 1 1.0
0 s0 14 c14 0.284432251014 0.321816386969 0.360900033088 3 2 0 3 0 0 3 1 0 2 1 0.28637505599 2 0 0 1 0 0 1 1 0.71362494401
1 s1 0 c0 0 0.0 0 3 2 0 3 0 0 3 1 0 2 1 0 2 0 0 1 0 0 1 1 1.0
1 s1 1 c1 0 0.0 0 3 2 0 3 0 0 3 1 0 2 1 0 2 0 0 1 0 0 1 1 1.0
1 s1 2 c2 0.0646339207394 0.0854947166186 0.110244789167 3 2 0 3 0 0 3 1 0 2 1 0 2 0 0 1 0 0 1 1 1.0
1 s1 3 c3 0 0.0 0 3 2 0 3 0 0 3 1 0.368338995496 2 1 0 2 0 0 1 0 0 1 1 0.631661004504
1 s1 4 c4 0.080091112769 0.10351758794 0.130829429176 3 2 0 3 0 0 3 1 0 2 1 0.525390018554 2 0 0 1 0 0 1 1 0.474609981446
1 s1 5 c5 0 0.0 0 3 2 0 3 0 0 3 1 0 2 1 0 2 0 0 1 0 0 1 1 1.0
1 s1 6 c6 0 0.0 0 3 2 0 3 0 0 3 1 0 2 1 0 2 0 0 1 0 0 1 1 1.0
1 s1 7 c7 0 0.0 0 3 2 0 3 0 0 3 1 0 2 1 0 2 0 0 1 0 0 1 1 1.0
1 s1 8 c8 0 0.0 0 3 2 0 3 0 0 3 1 0 2 1 0 2 0 0 1 0 0 1 1 1.0
1 s1 9 c9 0 0.0 0 3 2 0 3 0 0 3 1 0 2 1 0 2 0 0 1 0 0 1 1 1.0
1 s1 10 c10 0.268392321033 0.304347826087 0.342090047114 3 2 0 3 0 0 3 1 0 2 1 0 2 0 0 1 0 0 1 1 1.0
1 s1 11 c11 0.15570919296 0.186491935484 0.22033906486 3 2 0 3 0 0 3 1 0 2 1 0 2 0 0 1 0 0 1 1 1.0
1 s1 12 c12 0 0.0 0 3 2 0 3 0 0 3 1 0 2 1 0 2 0 0 1 0 0 1 1 1.0
1 s1 13 c13 0.432868632413 0.472641509434 0.512663420691 3 2 0 3 0 0 3 1 0 2 1 0 2 0 0 1 0 0 1 1 1.0
1 s1 14 c14 0.160162237176 0.190802348337 0.22437478593 3 2 0 3 0 0 3 1 0 2 1 0 2 0 0 1 0 0 1 1 1.0
2 s2 0 c0 0 0.0 0 3 2 0 3 0 0 3 1 0 2 1 0 2 0 0 1 0 0 1 1 1.0
2 s2 1 c1 0.144149771982 0.174089068826 0.207228761827 3 2 0.241052922542 3 0 0 3 1 0 2 1 0 2 0 0 1 0 0 1 1 0.758947077458
2 s2 2 c2 0 0.0 0 3 2 0 3 0 0 3 1 0 2 1 0 2 0 0 1 0 0 1 1 1.0
2 s2 3 c3 0 0.0 0 3 2 0 3 0 0 3 1 0 2 1 0 2 0 0 1 0 0 1 1 1.0
2 s2 4 c4 0 0.0 0 3 2 0 3 0 0 3 1 0 2 1 0 2 0 0 1 0 0 1 1 1.0
2 s2 5 c5 0 0.0 0 3 2 0 3 0 0 3 1 0 2 1 0 2 0 0 1 0 0 1 1 1.0
2 s2 6 c6 0.055380429782 0.0758693361433 0.100735124853 3 2 0 3 0 0 3 1 0 2 1 0 2 0 0 1 0 0 1 1 1.0
2 s2 7 c7 0.0597349224434 0.0797720797721 0.103710102204 3 2 0 3 0 0 3 1 0 2 1 0 2 0 0.0947083802367 1 0 0 1 1 0.905291619763
2 s2 8 c8 0 0.0 0 3 2 0 3 0 0 3 1 0 2 1 0 2 0 0 1 0 0 1 1 1.0
2 s2 9 c9 0.0292766091715 0.0446521287643 0.0646950427206 3 2 0 3 0 0 3 1 0 2 1 0 2 0 0 1 0 0 1 1 1.0
2 s2 10 c10 0 0.0 0 3 2 0 3 0 0 3 1 0 2 1 0 2 0 0 1 0 0 1 1 1.0
2 s2 11 c11 0.186277934788 0.219487179487 0.25548310672 3 2 0 3 0 0 3 1 0 2 1 0 2 0 0 1 0 0 1 1 1.0
2 s2 12 c12 0.0127075200228 0.0229007633588 0.0376395780105 3 2 0.0347265296286 3 0 0 3 1 0 2 1 0 2 0 0 1 0 0 1 1 0.965273470371
2 s2 13 c13 0.303138241519 0.34126984127 0.380922580202 3 2 0 3 0 0 3 1 0 2 1 0 2 0 0 1 0 0 1 1 1.0
2 s2 14 c14 0.319786383803 0.359538784067 0.400713643882 3 2 0 3 0 0 3 1 0 2 1 0.436654909952 2 0 0 1 0 0 1 1 0.563345090048
3 s3 0 c0 0.11856686011 0.146542827657 0.178063704676 3 2 0 3 0 0 3 1 0 2 1 0 2 0 0 1 0 0.262829208654 1 1 0.737170791346
3 s3 1 c1 0 0.0 0 3 2 0 3 0 0 3 1 0 2 1 0 2 0 0 1 0 0 1 1 1.0
3 s3 2 c2 0.0161709597648 0.0277227722772 0.0439280010268 3 2 0 3 0 0 3 1 0 2 1 0 2 0 0 1 0 0 1 1 1.0
3 s3 3 c3 0.102503373718 0.128358208955 0.157810188579 3 2 0 3 0 0 3 1 0.0899530070563 2 1 0 2 0 0 1 0 0 1 1 0.910046992944
3 s3 4 c4 0 0.0 0 3 2 0 3 0 0 3 1 0 2 1 0.0928914689853 2 0 0 1 0 0 1 1 0.907108531015
3 s3 5 c5 0 0.0 0 3 2 0 3 0 0 3 1 0 2 1 0 2 0 0 1 0 0 1 1 1.0
3 s3 6 c6 0 0.0 0 3 2 0 3 0 0 3 1 0 2 1 0 2 0 0 1 0 0 1 1 1.0
3 s3 7 c7 0.392410582149 0.434002111932 0.476266609967 3 2 0 3 0 0 3 1 0 2 1 0 2 0 0.454771503769 1 0 0 1 1 0.545228496231
3 s3 8 c8 0.0168415622017 0.0288659793814 0.0457236662807 3 2 0 3 0 0.0549964081919 3 1 0 2 1 0 2 0 0 1 0 0 1 1 0.945003591808
3 s3 9 c9 0.177467586383 0.209055876686 0.243358705683 3 2 0 3 0 0 3 1 0 2 1 0 2 0 0 1 0 0 1 1 1.0
3 s3 10 c10 0.0379403934004 0.0549898167006 0.0764959517237 3 2 0 3 0 0 3 1 0 2 1 0 2 0 0 1 0 0 1 1 1.0
3 s3 11 c11 0.0320834799869 0.0473036896878 0.0667413993234 3 2 0 3 0 0 3 1 0 2 1 0 2 0 0 1 0 0 1 1 1.0
3 s3 12 c12 0 0.0 0 3 2 0 3 0 0 3 1 0 2 1 0 2 0 0 1 0 0 1 1 1.0
3 s3 13 c13 0.263921276339 0.300595238095 0.33918122856 3 2 0 3 0 0 3 1 0 2 1 0 2 0 0 1 0 0 1 1 1.0
3 s3 14 c14 0.0224290506058 0.0357852882704 0.0537111656949 3 2 0 3 0 0 3 1 0 2 1 0 2 0 0 1 0 0 1 1 1.0
4 s4 0 c0 0.0398751202114 0.0579868708972 0.080855589827 3 2 0 3 0 0 3 1 0 2 1 0 2 0 0 1 0 0.11788430089 1 1 0.88211569911
4 s4 1 c1 0.0275131076447 0.0422110552764 0.0614525586558 3 2 0 3 0 0 3 1 0 2 1 0 2 0 0 1 0 0 1 1 1.0
4 s4 2 c2 0 0.0 0 3 2 0 3 0 0 3 1 0 2 1 0 2 0 0 1 0 0 1 1 1.0
4 s4 3 c3 0.0352166171141 0.0516717325228 0.072598080474 3 2 0 3 0 0 3 1 0.158953850208 2 1 0 2 0 0 1 0 0 1 1 0.841046149792
4 s4 4 c4 0 0.0 0 3 2 0 3 0 0 3 1 0 2 1 0 2 0 0 1 0 0 1 1 1.0
4 s4 5 c5 0 0.0 0 3 2 0 3 0 0 3 1 0 2 1 0 2 0 0 1 0 0 1 1 1.0
4 s4 6 c6 0.023790013682 0.0376782077393 0.0562261167143 3 2 0 3 0 0 3 1 0 2 1 0 2 0 0 1 0 0 1 1 1.0
4 s4 7 c7 0 0.0 0 3 2 0 3 0 0 3 1 0 2 1 0 2 0 0 1 0 0 1 1 1.0
4 s4 8 c8 0.0394810242417 0.0569948186528 0.0790220273069 3 2 0 3 0 0.11788430089 3 1 0 2 1 0 2 0 0 1 0 0 1 1 0.88211569911
4 s4 9 c9 0 0.0 0 3 2 0 3 0 0 3 1 0 2 1 0 2 0 0 1 0 0 1 1 1.0
4 s4 10 c10 0 0.0 0 3 2 0 3 0 0 3 1 0 2 1 0 2 0 0 1 0 0 1 1 1.0
4 s4 11 c11 0.0641006468021 0.0852329038652 0.110381902643 3 2 0 3 0 0 3 1 0 2 1 0 2 0 0 1 0 0 1 1 1.0
4 s4 12 c12 0.0918829137895 0.117521367521 0.147141165328 3 2 0.466459792958 3 0 0 3 1 0 2 1 0 2 0 0 1 0 0 1 1 0.533540207042
4 s4 13 c13 0.0956183270752 0.121149897331 0.150468460463 3 2 0 3 0 0 3 1 0 2 1 0 2 0 0 1 0 0 1 1 1.0
4 s4 14 c14 0.0468686874921 0.0660276890309 0.08972223955 3 2 0 3 0 0 3 1 0 2 1 0 2 0 0 1 0 0 1 1 1.0
5 s5 0 c0 0.216086399338 0.251298026999 0.289009097954 3 2 0 3 0 0 3 1 0 2 1 0 2 0 0 1 0 0.404518642079 1 1 0.595481357921
5 s5 1 c1 0 0.0 0 3 2 0 3 0 0 3 1 0 2 1 0 2 0 0 1 0 0 1 1 1.0
5 s5 2 c2 0 0.0 0 3 2 0 3 0 0 3 1 0 2 1 0 2 0 0 1 0 0 1 1 1.0
5 s5 3 c3 0 0.0 0 3 2 0 3 0 0 3 1 0.0371046615699 2 1 0 2 0 0 1 0 0 1 1 0.96289533843
5 s5 4 c4 0 0.0 0 3 2 0 3 0 0 3 1 0 2 1 0 2 0 0 1 0 0 1 1 1.0
5 s5 5 c5 0.0355855281829 0.052 0.0728230655083 3 2 0 3 0 0 3 1 0 2 1 0 2 0 0 1 0 0 1 1 1.0
5 s5 6 c6 0 0.0 0 3 2 0 3 0 0 3 1 0 2 1 0 2 0 0 1 0 0 1 1 1.0
5 s5 7 c7 0.023357097233 0.036750483559 0.0545763013776 3 2 0 3 0 0 3 1 0 2 1 0 2 0 0.0407782576222 1 0 0 1 1 0.959221742378
5 s5 8 c8 0 0.0 0 3 2 0 3 0 0 3 1 0 2 1 0 2 0 0 1 0 0 1 1 1.0
5 s5 9 c9 0 0.0 0 3 2 0 3 0 0 3 1 0 2 1 0 2 0 0 1 0 0 1 1 1.0
5 s5 10 c10 0 0.0 0 3 2 0 3 0 0 3 1 0 2 1 0 2 0 0 1 0 0 1 1 1.0
5 s5 11 c11 0.0835478214981 0.107249255214 0.134751650874 3 2 0 3 0 0 3 1 0 2 1 0 2 0 0 1 0 0 1 1 1.0
5 s5 12 c12 0 0.0 0 3 2 0 3 0 0 3 1 0 2 1 0 2 0 0 1 0 0 1 1 1.0
5 s5 13 c13 0.187404106002 0.220528455285 0.256403469762 3 2 0 3 0 0 3 1 0 2 1 0 2 0 0 1 0 0 1 1 1.0
5 s5 14 c14 0.0904962230161 0.115115115115 0.143486113629 3 2 0 3 0 0 3 1 0 2 1 0.114501547745 2 0 0 1 0 0 1 1 0.885498452255
6 s6 0 c0 0.203212956175 0.236868186323 0.273047421162 3 2 0 3 0 0 3 1 0 2 1 0 2 0 0 1 0 0.399650202387 1 1 0.600349797613
6 s6 1 c1 0 0.0 0 3 2 0 3 0 0 3 1 0 2 1 0 2 0 0 1 0 0 1 1 1.0
6 s6 2 c2 0 0.0 0 3 2 0 3 0 0 3 1 0 2 1 0 2 0 0 1 0 0 1 1 1.0
6 s6 3 c3 0.0805680429847 0.103857566766 0.130966908274 3 2 0 3 0 0 3 1 0 2 1 0 2 0 0 1 0 0 1 1 1.0
6 s6 4 c4 0 0.0 0 3 2 0 3 0 0 3 1 0 2 1 0.280505286351 2 0 0 1 0 0 1 1 0.719494713649
6 s6 5 c5 0 0.0 0 3 2 0 3 0 0 3 1 0 2 1 0 2 0 0 1 0 0 1 1 1.0
6 s6 6 c6 0 0.0 0 3 2 0 3 0 0 3 1 0 2 1 0 2 0 0 1 0 0 1 1 1.0
6 s6 7 c7 0.0249613332014 0.0383211678832 0.0558414385492 3 2 0 3 0 0 3 1 0 2 1 0 2 0 0.0363411598938 1 0 0 1 1 0.963658840106
6 s6 8 c8 0.062297611656 0.0830078125 0.107697778562 3 2 0 3 0 0.190830426191 3 1 0 2 1 0 2 0 0 1 0 0 1 1 0.809169573809
6 s6 9 c9 0 0.0 0 3 2 0 3 0 0 3 1 0 2 1 0 2 0 0 1 0 0 1 1 1.0
6 s6 10 c10 0.107115242563 0.134171907757 0.164958938634 3 2 0 3 0 0 3 1 0 2 1 0 2 0 0 1 0 0 1 1 1.0
6 s6 11 c11 0 0.0 0 3 2 0 3 0 0 3 1 0 2 1 0 2 0 0 1 0 0 1 1 1.0
6 s6 12 c12 0.0240837831353 0.0378863409771 0.056246924876 3 2 0.0734484728987 3 0 0 3 1 0 2 1 0 2 0 0 1 0 0 1 1 0.926551527101
6 s6 13 c13 0.113242767601 0.140280561122 0.170821735528 3 2 0 3 0 0 3 1 0 2 1 0 2 0 0 1 0 0 1 1 1.0
6 s6 14 c14 0 0.0 0 3 2 0 3 0 0 3 1 0 2 1 0 2 0 0 1 0 0 1 1 1.0
7 s7 0 c0 0.193994849942 0.227692307692 0.264094253307 3 2 0 3 0 0 3 1 0 2 1 0 2 0 0 1 0 0.345817795098 1 1 0.654182204902
7 s7 1 c1 0.17828434923 0.209677419355 0.243737748373 3 2 0 3 0 0 3 1 0 2 1 0 2 0 0 1 0 0 1 1 1.0
7 s7 2 c2 0 0.0 0 3 2 0 3 0 0 3 1 0 2 1 0 2 0 0 1 0 0 1 1 1.0
7 s7 3 c3 0.146126018854 0.175944333996 0.208887153127 3 2 0 3 0 0 3 1 0 2 1 0 2 0 0 1 0 0 1 1 1.0
7 s7 4 c4 0 0.0 0 3 2 0 3 0 0 3 1 0 2 1 0.113268261778 2 0 0 1 0 0 1 1 0.886731738222
7 s7 5 c5 0 0.0 0 3 2 0 3 0 0 3 1 0 2 1 0 2 0 0 1 0 0 1 1 1.0
7 s7 6 c6 0 0.0 0 3 2 0 3 0 0 3 1 0 2 1 0 2 0 0 1 0 0 1 1 1.0
7 s7 7 c7 0 0.0 0 3 2 0 3 0 0 3 1 0 2 1 0 2 0 0 1 0 0 1 1 1.0
7 s7 8 c8 0 0.0 0 3 2 0 3 0 0 3 1 0 2 1 0 2 0 0 1 0 0 1 1 1.0
7 s7 9 c9 0 0.0 0 3 2 0 3 0 0 3 1 0 2 1 0 2 0 0 1 0 0 1 1 1.0
7 s7 10 c10 0.0468217869917 0.0650485436893 0.087415324038 3 2 0 3 0 0 3 1 0 2 1 0 2 0 0 1 0 0 1 1 1.0
7 s7 11 c11 0.0378190901961 0.0544217687075 0.0752808898649 3 2 0 3 0 0 3 1 0 2 1 0 2 0 0 1 0 0 1 1 1.0
7 s7 12 c12 0 0.0 0 3 2 0 3 0 0 3 1 0 2 1 0 2 0 0 1 0 0 1 1 1.0
7 s7 13 c13 0.0965458947734 0.121568627451 0.15020181479 3 2 0 3 0 0 3 1 0 2 1 0 2 0 0 1 0 0 1 1 1.0
7 s7 14 c14 0.0671660504231 0.088376560999 0.113447761258 3 2 0 3 0 0 3 1 0 2 1 0.0507126496192 2 0 0 1 0 0 1 1 0.949287350381
8 s8 0 c0 0 0.0 0 3 2 0 3 0 0 3 1 0 2 1 0 2 0 0 1 0 0 1 1 1.0
8 s8 1 c1 0 0.0 0 3 2 0 3 0 0 3 1 0 2 1 0 2 0 0 1 0 0 1 1 1.0
8 s8 2 c2 0 0.0 0 3 2 0 3 0 0 3 1 0 2 1 0 2 0 0 1 0 0 1 1 1.0
8 s8 3 c3 0 0.0 0 3 2 0 3 0 0 3 1 0.20010776192 2 1 0 2 0 0 1 0 0 1 1 0.79989223808
8 s8 4 c4 0 0.0 0 3 2 0 3 0 0 3 1 0 2 1 0 2 0 0 1 0 0 1 1 1.0
8 s8 5 c5 0 0.0 0 3 2 0 3 0 0 3 1 0 2 1 0 2 0 0 1 0 0 1 1 1.0
8 s8 6 c6 0.0497164411682 0.0681818181818 0.0906523238235 3 2 0 3 0 0 3 1 0 2 1 0 2 0 0 1 0 0 1 1 1.0
8 s8 7 c7 0.238142218901 0.273166023166 0.310306757291 3 2 0 3 0 0 3 1 0 2 1 0 2 0 0.263414409866 1 0 0 1 1 0.736585590134
8 s8 8 c8 0 0.0 0 3 2 0 3 0 0 3 1 0 2 1 0 2 0 0 1 0 0 1 1 1.0
8 s8 9 c9 0.0408109433947 0.0582914572864 0.0801331425424 3 2 0 3 0 0 3 1 0 2 1 0 2 0 0 1 0 0 1 1 1.0
8 s8 10 c10 0 0.0 0 3 2 0 3 0 0 3 1 0 2 1 0 2 0 0 1 0 0 1 1 1.0
8 s8 11 c11 0.103143441686 0.129883843717 0.160427737753 3 2 0 3 0 0 3 1 0 2 1 0 2 0 0 1 0 0 1 1 1.0
8 s8 12 c12 0 0.0 0 3 2 0 3 0 0 3 1 0 2 1 0 2 0 0 1 0 0 1 1 1.0
8 s8 13 c13 0.343457603505 0.382851445663 0.423373105592 3 2 0 3 0 0 3 1 0 2 1 0 2 0 0 1 0 0 1 1 1.0
8 s8 14 c14 0.097020945433 0.121583411876 0.149615359442 3 2 0 3 0 0 3 1 0 2 1 0 2 0 0 1 0 0 1 1 1.0
9 s9 0 c0 0.0635671576322 0.0843840931135 0.109139615291 3 2 0 3 0 0 3 1 0 2 1 0 2 0 0 1 0 0.142153460968 1 1 0.857846539032
9 s9 1 c1 0 0.0 0 3 2 0 3 0 0 3 1 0 2 1 0 2 0 0 1 0 0 1 1 1.0
9 s9 2 c2 0 0.0 0 3 2 0 3 0 0 3 1 0 2 1 0 2 0 0 1 0 0 1 1 1.0
9 s9 3 c3 0.0506810156869 0.0701754385965 0.0940174475116 3 2 0 3 0 0 3 1 0 2 1 0 2 0 0 1 0 0 1 1 1.0
9 s9 4 c4 0 0.0 0 3 2 0 3 0 0 3 1 0 2 1 0.0934634106548 2 0 0 1 0 0 1 1 0.906536589345
9 s9 5 c5 0 0.0 0 3 2 0 3 0 0 3 1 0 2 1 0 2 0 0 1 0 0 1 1 1.0
9 s9 6 c6 0 0.0 0 3 2 0 3 0 0 3 1 0 2 1 0 2 0 0 1 0 0 1 1 1.0
9 s9 7 c7 0.129351932782 0.157738095238 0.189420738184 3 2 0 3 0 0 3 1 0 2 1 0 2 0 0.155668643854 1 0 0 1 1 0.844331356146
9 s9 8 c8 0.0530779750007 0.0722543352601 0.0954645717989 3 2 0 3 0 0.142153460968 3 1 0 2 1 0 2 0 0 1 0 0 1 1 0.857846539032
9 s9 9 c9 0 0.0 0 3 2 0 3 0 0 3 1 0 2 1 0 2 0 0 1 0 0 1 1 1.0
9 s9 10 c10 0.191479496757 0.224550898204 0.260283985094 3 2 0 3 0 0 3 1 0 2 1 0 2 0 0 1 0 0 1 1 1.0
9 s9 11 c11 0.043156527367 0.0608439646712 0.0827612003528 3 2 0 3 0 0 3 1 0 2 1 0 2 0 0 1 0 0 1 1 1.0
9 s9 12 c12 0 0.0 0 3 2 0 3 0 0 3 1 0 2 1 0 2 0 0 1 0 0 1 1 1.0
9 s9 13 c13 0.318482979693 0.356862745098 0.396597747027 3 2 0 3 0 0 3 1 0 2 1 0 2 0 0 1 0 0 1 1 1.0
9 s9 14 c14 0 0.0 0 3 2 0 3 0 0 3 1 0 2 1 0 2 0 0 1 0 0 1 1 1.0
