10 #m
15 #n
0 s0 0 c0 0 0.0 0 3 2 0 3 3 0 3 0 0 3 1 0 2 1 0 2 0 0 2 2 0 1 0 0 1 1 1.0
0 s0 1 c1 0.0881580552887 0.112953367876 0.14165696391 3 2 0 3 3 0 3 0 0 3 1 0 2 1 0 2 0 0 2 2 0 1 0 0 1 1 1.0
0 s0 2 c2 0.0352444678969 0.0509259259259 0.0706960044791 3 2 0 3 3 0 3 0 0 3 1 0 2 1 0 2 0 0 2 2 0 1 0 0 1 1 1.0
0 s0 3 c3 0.0269671978105 0.0413793103448 0.06025366526 3 2 0 3 3 0 3 0 0 3 1 0 2 1 0 2 0 0 2 2 0 1 0 0.0890546272659 1 1 0.910945372734
0 s0 4 c4 0 0.0 0 3 2 0 3 3 0 3 0 0 3 1 0 2 1 0 2 0 0 2 2 0 1 0 0 1 1 1.0
0 s0 5 c5 0.278635409895 0.316378433367 0.355926774675 3 2 0 3 3 0 3 0 0 3 1 0 2 1 0.29018365934 2 0 0 2 2 0 1 0 0 1 1 0.70981634066
0 s0 6 c6 0 0.0 0 3 2 0 3 3 0 3 0 0 3 1 0 2 1 0 2 0 0 2 2 0 1 0 0 1 1 1.0
0 s0 7 c7 0 0.0 0 3 2 0 3 3 0 3 0 0 3 1 0 2 1 0 2 0 0 2 2 0 1 0 0 1 1 1.0
0 s0 8 c8 0.305861857428 0.343719571568 0.383047026809 3 2 0 3 3 0 3 0 0 3 1 0 2 1 0 2 0 0 2 2 0 1 0 0 1 1 1.0
0 s0 9 c9 0.147399147146 0.177165354331 0.210013233938 3 2 0.212344883318 3 3 0 3 0 0 3 1 0 2 1 0 2 0 0 2 2 0 1 0 0 1 1 0.787655116682
0 s0 10 c10 0 0.0 0 3 2 0 3 3 0 3 0 0 3 1 0 2 1 0 2 0 0 2 2 0 1 0 0 1 1 1.0
0 s0 11 c11 0 0.0 0 3 2 0 3 3 0 3 0 0 3 1 0 2 1 0 2 0 0 2 2 0 1 0 0 1 1 1.0
0 s0 12 c12 0.0470533856366 0.0655412115194 0.0882596144791 3 2 0 3 3 0 3 0 0 3 1 0 2 1 0 2 0 0 2 2 0 1 0 0 1 1 1.0
0 s0 13 c13 0 0.0 0 3 2 0 3 3 0 3 0 0 3 1 0 2 1 0 2 0 0 2 2 0 1 0 0 1 1 1.0
0 s0 14 c14 0.106190607195 0.132788559755 0.163034847714 3 2 0 3 3 0 3 0 0.0890546272659 3 1 0 2 1 0 2 0 0 2 2 0 1 0 0 1 1 0.910945372734
1 s1 0 c0 0 0.0 0 3 2 0 3 3 0 3 0 0 3 1 0 2 1 0 2 0 0 2 2 0 1 0 0 1 1 1.0
1 s1 1 c1 0 0.0 0 3 2 0 3 3 0 3 0 0 3 1 0 2 1 0 2 0 0 2 2 0 1 0 0 1 1 1.0
1 s1 2 c2 0 0.0 0 3 2 0 3 3 0 3 0 0 3 1 0 2 1 0 2 0 0 2 2 0 1 0 0 1 1 1.0
1 s1 3 c3 0.0343770924133 0.0506585612969 0.0714227842762 3 2 0 3 3 0 3 0 0 3 1 0 2 1 0 2 0 0 2 2 0 1 0 0.0893970988538 1 1 0.910602901146
1 s1 4 c4 0 0.0 0 3 2 0 3 3 0 3 0 0 3 1 0 2 1 0 2 0 0 2 2 0 1 0 0 1 1 1.0
1 s1 5 c5 0.0842718690167 0.108299595142 0.136191364277 3 2 0 3 3 0 3 0 0 3 1 0 2 1 0 2 0 0 2 2 0 1 0 0 1 1 1.0
1 s1 6 c6 0.203029165429 0.237218813906 0.274009562543 3 2 0 3 3 0 3 0 0 3 1 0.180204873909 2 1 0.0459708713552 2 0 0 2 2 0 1 0 0 1 1 0.773824254736
1 s1 7 c7 0 0.0 0 3 2 0 3 3 0 3 0 0 3 1 0 2 1 0 2 0 0 2 2 0 1 0 0 1 1 1.0
1 s1 8 c8 0.403449898294 0.443786982249 0.484659145813 3 2 0 3 3 0 3 0 0 3 1 0 2 1 0 2 0 0 2 2 0 1 0 0 1 1 1.0
1 s1 9 c9 0.107040009262 0.133956386293 0.164570174143 3 2 0.147812030114 3 3 0 3 0 0 3 1 0 2 1 0 2 0 0 2 2 0 1 0 0 1 1 0.852187969886
1 s1 10 c10 0.068343620511 0.0897683397683 0.115058750613 3 2 0 3 3 0 3 0 0 3 1 0 2 1 0 2 0 0.180204873909 2 2 0 1 0 0 1 1 0.819795126091
1 s1 11 c11 0.104653928202 0.130104463438 0.158970091994 3 2 0 3 3 0 3 0 0 3 1 0.399094472447 2 1 0 2 0 0 2 2 0 1 0 0 1 1 0.600905527553
1 s1 12 c12 0 0.0 0 3 2 0 3 3 0 3 0 0 3 1 0 2 1 0 2 0 0 2 2 0 1 0 0 1 1 1.0
1 s1 13 c13 0.158359242526 0.189325276939 0.223324563742 3 2 0 3 3 0 3 0 0 3 1 0 2 1 0 2 0 0 2 2 0 1 0 0 1 1 1.0
1 s1 14 c14 0.179446251613 0.211847389558 0.247051000491 3 2 0 3 3 0 3 0 0.163974142055 3 1 0 2 1 0 2 0 0 2 2 0 1 0 0 1 1 0.836025857945
2 s2 0 c0 0 0.0 0 3 2 0 3 3 0 3 0 0 3 1 0 2 1 0 2 0 0 2 2 0 1 0 0 1 1 1.0
2 s2 1 c1 0 0.0 0 3 2 0 3 3 0 3 0 0 3 1 0 2 1 0 2 0 0 2 2 0 1 0 0 1 1 1.0
2 s2 2 c2 0.0751044054781 0.0982419855222 0.125434302697 3 2 0 3 3 0 3 0 0 3 1 0 2 1 0 2 0 0 2 2 0 1 0 0 1 1 1.0
2 s2 3 c3 0 0.0 0 3 2 0 3 3 0 3 0 0 3 1 0 2 1 0 2 0 0 2 2 0 1 0 0 1 1 1.0
2 s2 4 c4 0 0.0 0 3 2 0 3 3 0 3 0 0 3 1 0 2 1 0 2 0 0 2 2 0 1 0 0 1 1 1.0
2 s2 5 c5 0.128132187433 0.157232704403 0.189823206451 3 2 0 3 3 0 3 0 0 3 1 0 2 1 0 2 0 0 2 2 0 1 0 0 1 1 1.0
2 s2 6 c6 0.00735895500632 0.015503875969 0.0283813128127 3 2 0 3 3 0 3 0 0 3 1 0 2 1 0.124772249316 2 0 0 2 2 0 1 0 0 1 1 0.875227750684
2 s2 7 c7 0 0.0 0 3 2 0 3 3 0 3 0 0 3 1 0 2 1 0 2 0 0 2 2 0 1 0 0 1 1 1.0
2 s2 8 c8 0.380964492041 0.421810699588 0.463433606678 3 2 0 3 3 0 3 0 0 3 1 0 2 1 0 2 0 0 2 2 0 1 0 0 1 1 1.0
2 s2 9 c9 0.209501768759 0.243190661479 0.279296658834 3 2 0 3 3 0.518508000437 3 0 0 3 1 0 2 1 0 2 0 0 2 2 0 1 0 0 1 1 0.481491999563
2 s2 10 c10 0.043328112429 0.0610837438424 0.0830835053671 3 2 0 3 3 0 3 0 0 3 1 0 2 1 0 2 0 0.124772249316 2 2 0 1 0 0 1 1 0.875227750684
2 s2 11 c11 0 0.0 0 3 2 0 3 3 0 3 0 0 3 1 0 2 1 0 2 0 0 2 2 0 1 0 0 1 1 1.0
2 s2 12 c12 0 0.0 0 3 2 0 3 3 0 3 0 0 3 1 0 2 1 0 2 0 0 2 2 0 1 0 0 1 1 1.0
2 s2 13 c13 0.012671076945 0.022835394862 0.0375329503864 3 2 0 3 3 0 3 0 0 3 1 0.0218655824809 2 1 0 2 0 0 2 2 0 1 0 0 1 1 0.978134417519
2 s2 14 c14 0 0.0 0 3 2 0 3 3 0 3 0 0 3 1 0 2 1 0 2 0 0 2 2 0 1 0 0 1 1 1.0
3 s3 0 c0 0 0.0 0 3 2 0 3 3 0 3 0 0 3 1 0 2 1 0 2 0 0 2 2 0 1 0 0 1 1 1.0
3 s3 1 c1 0 0.0 0 3 2 0 3 3 0 3 0 0 3 1 0 2 1 0 2 0 0 2 2 0 1 0 0 1 1 1.0
3 s3 2 c2 0.00840090127565 0.0172413793103 0.0310095155278 3 2 0 3 3 0 3 0 0 3 1 0 2 1 0 2 0 0 2 2 0 1 0 0 1 1 1.0
3 s3 3 c3 0.0268076245283 0.0411361410382 0.0599030648292 3 2 0 3 3 0 3 0 0 3 1 0 2 1 0 2 0 0 2 2 0 1 0 0.0765329901136 1 1 0.923467009886
3 s3 4 c4 0.0117194732491 0.0221285563751 0.0375797577331 3 2 0 3 3 0 3 0 0 3 1 0 2 1 0.0247231255652 2 0 0 2 2 0 1 0 0 1 1 0.975276874435
3 s3 5 c5 0.106674333379 0.133265513733 0.163485197489 3 2 0 3 3 0 3 0 0 3 1 0 2 1 0 2 0 0 2 2 0 1 0 0 1 1 1.0
3 s3 6 c6 0 0.0 0 3 2 0 3 3 0 3 0 0 3 1 0 2 1 0.232007532211 2 0 0 2 2 0 1 0 0 1 1 0.767992467789
3 s3 7 c7 0 0.0 0 3 2 0 3 3 0 3 0 0 3 1 0 2 1 0 2 0 0 2 2 0 1 0 0 1 1 1.0
3 s3 8 c8 0.226148535251 0.261306532663 0.298785157173 3 2 0 3 3 0 3 0 0 3 1 0 2 1 0 2 0 0 2 2 0 1 0 0 1 1 1.0
3 s3 9 c9 0.0675011457695 0.088954056696 0.114330535017 3 2 0 3 3 0.105818780329 3 0 0 3 1 0 2 1 0 2 0 0 2 2 0 1 0 0 1 1 0.894181219671
3 s3 10 c10 0.0725197545397 0.0951893551689 0.121903732237 3 2 0 3 3 0 3 0 0 3 1 0 2 1 0 2 0 0.232007532211 2 2 0 1 0 0 1 1 0.767992467789
3 s3 11 c11 0 0.0 0 3 2 0 3 3 0 3 0 0 3 1 0 2 1 0 2 0 0 2 2 0 1 0 0 1 1 1.0
3 s3 12 c12 0.00875758936701 0.0179704016913 0.0323110863332 3 2 0 3 3 0 3 0 0 3 1 0 2 1 0 2 0 0 2 2 0 1 0 0 1 1 1.0
3 s3 13 c13 0 0.0 0 3 2 0 3 3 0 3 0 0 3 1 0 2 1 0 2 0 0 2 2 0 1 0 0 1 1 1.0
3 s3 14 c14 0.0834476591768 0.107660455487 0.135832929976 3 2 0 3 3 0 3 0 0.0765329901136 3 1 0 2 1 0 2 0 0 2 2 0 1 0 0 1 1 0.923467009886
4 s4 0 c0 0 0.0 0 3 2 0 3 3 0 3 0 0 3 1 0 2 1 0 2 0 0 2 2 0 1 0 0 1 1 1.0
4 s4 1 c1 0 0.0 0 3 2 0 3 3 0 3 0 0 3 1 0 2 1 0 2 0 0 2 2 0 1 0 0 1 1 1.0
4 s4 2 c2 0.014654925653 0.0257171117705 0.0414550858608 3 2 0 3 3 0 3 0 0 3 1 0 2 1 0 2 0 0 2 2 0 1 0 0 1 1 1.0
4 s4 3 c3 0 0.0 0 3 2 0 3 3 0 3 0 0 3 1 0 2 1 0 2 0 0 2 2 0 1 0 0 1 1 1.0
4 s4 4 c4 0 0.0 0 3 2 0 3 3 0 3 0 0 3 1 0 2 1 0 2 0 0 2 2 0 1 0 0 1 1 1.0
4 s4 5 c5 0.390479962165 0.431513903193 0.473228828383 3 2 0 3 3 0 3 0 0 3 1 0 2 1 0.532600926073 2 0 0 2 2 0 1 0 0 1 1 0.467399073927
4 s4 6 c6 0 0.0 0 3 2 0 3 3 0 3 0 0 3 1 0 2 1 0 2 0 0 2 2 0 1 0 0 1 1 1.0
4 s4 7 c7 0 0.0 0 3 2 0 3 3 0 3 0 0 3 1 0 2 1 0.0603444187598 2 0 0 2 2 0 1 0 0 1 1 0.93965558124
4 s4 8 c8 0.376143533602 0.415774099318 0.456196287374 3 2 0 3 3 0 3 0 0 3 1 0 2 1 0 2 0 0 2 2 0 1 0 0 1 1 1.0
4 s4 9 c9 0.0986222114437 0.123563218391 0.152011729763 3 2 0.150887138984 3 3 0 3 0 0 3 1 0 2 1 0 2 0 0 2 2 0 1 0 0 1 1 0.849112861016
4 s4 10 c10 0 0.0 0 3 2 0 3 3 0 3 0 0 3 1 0 2 1 0 2 0 0 2 2 0 1 0 0 1 1 1.0
4 s4 11 c11 0 0.0 0 3 2 0 3 3 0 3 0 0 3 1 0.160827097819 2 1 0 2 0 0 2 2 0 1 0 0 1 1 0.839172902181
4 s4 12 c12 0.0178002391769 0.0296084049666 0.0458786990962 3 2 0 3 3 0 3 0 0 3 1 0 2 1 0 2 0 0 2 2 0 1 0 0 1 1 1.0
4 s4 13 c13 0.0591247387434 0.0786825251601 0.102007173377 3 2 0 3 3 0 3 0 0 3 1 0 2 1 0 2 0 0 2 2 0 1 0 0 1 1 1.0
4 s4 14 c14 0 0.0 0 3 2 0 3 3 0 3 0 0 3 1 0 2 1 0 2 0 0 2 2 0 1 0 0 1 1 1.0
5 s5 0 c0 0.142823057288 0.171755725191 0.203726023908 3 2 0 3 3 0 3 0 0 3 1 0 2 1 0 2 0 0 2 2 0 1 0 0 1 1 1.0
5 s5 1 c1 0 0.0 0 3 2 0 3 3 0 3 0 0 3 1 0 2 1 0 2 0 0 2 2 0 1 0 0 1 1 1.0
5 s5 2 c2 0 0.0 0 3 2 0 3 3 0 3 0 0 3 1 0 2 1 0 2 0 0 2 2 0 1 0 0 1 1 1.0
5 s5 3 c3 0.00251629090022 0.0078125 0.0180492391297 3 2 0 3 3 0 3 0 0 3 1 0 2 1 0 2 0 0 2 2 0 1 0 0.0196877192515 1 1 0.980312280749
5 s5 4 c4 0 0.0 0 3 2 0 3 3 0 3 0 0 3 1 0 2 1 0 2 0 0 2 2 0 1 0 0 1 1 1.0
5 s5 5 c5 0.0381178755645 0.0548481880509 0.075864149279 3 2 0 3 3 0 3 0 0 3 1 0 2 1 0 2 0 0 2 2 0 1 0 0 1 1 1.0
5 s5 6 c6 0 0.0 0 3 2 0 3 3 0 3 0 0 3 1 0 2 1 0.11624403965 2 0 0 2 2 0 1 0 0 1 1 0.88375596035
5 s5 7 c7 0 0.0 0 3 2 0 3 3 0 3 0 0 3 1 0 2 1 0.107088837639 2 0 0 2 2 0 1 0 0 1 1 0.892911162361
5 s5 8 c8 0.202828821029 0.236274509804 0.272222462355 3 2 0 3 3 0 3 0 0 3 1 0 2 1 0 2 0 0 2 2 0 1 0 0 1 1 1.0
5 s5 9 c9 0 0.0 0 3 2 0 3 3 0 3 0 0 3 1 0 2 1 0 2 0 0 2 2 0 1 0 0 1 1 1.0
5 s5 10 c10 0 0.0 0 3 2 0 3 3 0 3 0 0 3 1 0 2 1 0 2 0 0 2 2 0 1 0 0 1 1 1.0
5 s5 11 c11 0 0.0 0 3 2 0 3 3 0 3 0 0 3 1 0 2 1 0 2 0 0 2 2 0 1 0 0 1 1 1.0
5 s5 12 c12 0.0382690458351 0.055063913471 0.0761591806897 3 2 0 3 3 0 3 0 0 3 1 0 2 1 0 2 0 0 2 2 0 1 0 0 1 1 1.0
5 s5 13 c13 0 0.0 0 3 2 0 3 3 0 3 0 0 3 1 0 2 1 0 2 0 0 2 2 0 1 0 0 1 1 1.0
5 s5 14 c14 0.0241808561684 0.038038038038 0.0564699678298 3 2 0 3 3 0 3 0 0.0196877192515 3 1 0 2 1 0 2 0 0 2 2 0 1 0 0 1 1 0.980312280749
6 s6 0 c0 0.0100942387535 0.0194174757282 0.0334186139313 3 2 0 3 3 0 3 0 0 3 1 0 2 1 0 2 0 0 2 2 0 1 0 0 1 1 1.0
6 s6 1 c1 0 0.0 0 3 2 0 3 3 0 3 0 0 3 1 0 2 1 0 2 0 0 2 2 0 1 0 0 1 1 1.0
6 s6 2 c2 0 0.0 0 3 2 0 3 3 0 3 0 0 3 1 0 2 1 0 2 0 0 2 2 0 1 0 0 1 1 1.0
6 s6 3 c3 0 0.0 0 3 2 0 3 3 0 3 0 0 3 1 0 2 1 0 2 0 0 2 2 0 1 0 0 1 1 1.0
6 s6 4 c4 0 0.0 0 3 2 0 3 3 0 3 0 0 3 1 0 2 1 0 2 0 0 2 2 0 1 0 0 1 1 1.0
6 s6 5 c5 0.171982901816 0.203796203796 0.238476585249 3 2 0 3 3 0 3 0 0 3 1 0 2 1 0 2 0 0 2 2 0 1 0 0 1 1 1.0
6 s6 6 c6 0 0.0 0 3 2 0 3 3 0 3 0 0 3 1 0 2 1 0.290205688822 2 0 0 2 2 0 1 0 0 1 1 0.709794311178
6 s6 7 c7 0 0.0 0 3 2 0 3 3 0 3 0 0 3 1 0 2 1 0 2 0 0 2 2 0 1 0 0 1 1 1.0
6 s6 8 c8 0.238262072151 0.27371541502 0.311330961402 3 2 0 3 3 0 3 0 0 3 1 0 2 1 0 2 0 0 2 2 0 1 0 0 1 1 1.0
6 s6 9 c9 0 0.0 0 3 2 0 3 3 0 3 0 0 3 1 0 2 1 0 2 0 0 2 2 0 1 0 0 1 1 1.0
6 s6 10 c10 0 0.0 0 3 2 0 3 3 0 3 0 0 3 1 0 2 1 0 2 0 0 2 2 0 1 0 0 1 1 1.0
6 s6 11 c11 0 0.0 0 3 2 0 3 3 0 3 0 0 3 1 0.13935752222 2 1 0 2 0 0 2 2 0 1 0 0 1 1 0.86064247778
6 s6 12 c12 0.0177965982881 0.0298804780876 0.0466176391894 3 2 0 3 3 0 3 0 0 3 1 0 2 1 0 2 0 0 2 2 0 1 0 0 1 1 1.0
6 s6 13 c13 0.047297076803 0.0660569105691 0.0891418906323 3 2 0 3 3 0 3 0 0 3 1 0 2 1 0 2 0 0 2 2 0 1 0 0 1 1 1.0
6 s6 14 c14 0 0.0 0 3 2 0 3 3 0 3 0 0 3 1 0 2 1 0 2 0 0 2 2 0.0730155257242 1 0 0 1 1 0.926984474276
7 s7 0 c0 0 0.0 0 3 2 0 3 3 0.165646977056 3 0 0 3 1 0 2 1 0 2 0 0 2 2 0 1 0 0 1 1 0.834353022944
7 s7 1 c1 0.0484620060784 0.0674846625767 0.0908437164173 3 2 0 3 3 0 3 0 0 3 1 0 2 1 0 2 0 0 2 2 0 1 0 0 1 1 1.0
7 s7 2 c2 0.153993897046 0.184661957619 0.218415667464 3 2 0 3 3 0 3 0 0 3 1 0 2 1 0 2 0 0 2 2 0 1 0 0 1 1 1.0
7 s7 3 c3 0 0.0 0 3 2 0 3 3 0 3 0 0 3 1 0 2 1 0 2 0 0 2 2 0 1 0 0 1 1 1.0
7 s7 4 c4 0 0.0 0 3 2 0 3 3 0 3 0 0 3 1 0 2 1 0 2 0 0 2 2 0 1 0 0 1 1 1.0
7 s7 5 c5 0.297022958539 0.335359675785 0.375308071744 3 2 0 3 3 0 3 0 0 3 1 0 2 1 0 2 0 0 2 2 0 1 0 0 1 1 1.0
7 s7 6 c6 0 0.0 0 3 2 0 3 3 0 3 0 0 3 1 0 2 1 0.284965053465 2 0 0 2 2 0 1 0 0 1 1 0.715034946535
7 s7 7 c7 0 0.0 0 3 2 0 3 3 0 3 0 0 3 1 0 2 1 0 2 0 0 2 2 0 1 0 0 1 1 1.0
7 s7 8 c8 0.349346211983 0.388724035608 0.42916456216 3 2 0 3 3 0 3 0 0 3 1 0 2 1 0 2 0 0 2 2 0 1 0 0 1 1 1.0
7 s7 9 c9 0.0908648620299 0.115577889447 0.144053568699 3 2 0.169841497543 3 3 0 3 0 0 3 1 0 2 1 0 2 0 0 2 2 0 1 0 0 1 1 0.830158502457
7 s7 10 c10 0.0821306116298 0.105846774194 0.13343631733 3 2 0 3 3 0 3 0 0 3 1 0 2 1 0 2 0 0.197770566285 2 2 0 1 0 0 1 1 0.802229433715
7 s7 11 c11 0 0.0 0 3 2 0 3 3 0 3 0 0 3 1 0 2 1 0 2 0 0 2 2 0 1 0 0 1 1 1.0
7 s7 12 c12 0 0.0 0 3 2 0 3 3 0 3 0 0 3 1 0 2 1 0 2 0 0 2 2 0 1 0 0 1 1 1.0
7 s7 13 c13 0 0.0 0 3 2 0 3 3 0 3 0 0 3 1 0 2 1 0 2 0 0 2 2 0 1 0 0 1 1 1.0
7 s7 14 c14 0 0.0 0 3 2 0 3 3 0 3 0 0 3 1 0 2 1 0 2 0 0 2 2 0 1 0 0 1 1 1.0
8 s8 0 c0 0.282298382626 0.320974576271 0.361483977083 3 2 0 3 3 0 3 0 0 3 1 0 2 1 0 2 0 0.321986797109 2 2 0 1 0 0 1 1 0.678013202891
8 s8 1 c1 0 0.0 0 3 2 0 3 3 0 3 0 0 3 1 0 2 1 0 2 0 0 2 2 0 1 0 0 1 1 1.0
8 s8 2 c2 0 0.0 0 3 2 0 3 3 0 3 0 0 3 1 0 2 1 0 2 0 0 2 2 0 1 0 0 1 1 1.0
8 s8 3 c3 0 0.0 0 3 2 0 3 3 0 3 0 0 3 1 0 2 1 0 2 0 0 2 2 0 1 0 0 1 1 1.0
8 s8 4 c4 0 0.0 0 3 2 0 3 3 0 3 0 0 3 1 0 2 1 0 2 0 0 2 2 0 1 0 0 1 1 1.0
8 s8 5 c5 0.093477838524 0.117988394584 0.146094838593 3 2 0 3 3 0 3 0 0 3 1 0 2 1 0 2 0 0 2 2 0 1 0 0 1 1 1.0
8 s8 6 c6 0 0.0 0 3 2 0 3 3 0 3 0 0 3 1 0 2 1 0 2 0 0 2 2 0 1 0 0 1 1 1.0
8 s8 7 c7 0.0949002072182 0.119069767442 0.146686659712 3 2 0 3 3 0 3 0 0 3 1 0 2 1 0 2 0 0 2 2 0 1 0 0 1 1 1.0
8 s8 8 c8 0.180406360215 0.212787212787 0.247947252751 3 2 0 3 3 0 3 0 0 3 1 0 2 1 0 2 0 0 2 2 0 1 0 0 1 1 1.0
8 s8 9 c9 0 0.0 0 3 2 0 3 3 0 3 0 0 3 1 0 2 1 0 2 0 0 2 2 0 1 0 0 1 1 1.0
8 s8 10 c10 0 0.0 0 3 2 0 3 3 0 3 0 0 3 1 0 2 1 0 2 0 0 2 2 0 1 0 0 1 1 1.0
8 s8 11 c11 0 0.0 0 3 2 0 3 3 0 3 0 0 3 1 0.0953588784101 2 1 0 2 0 0 2 2 0 1 0 0 1 1 0.90464112159
8 s8 12 c12 0.0760737894782 0.0981308411215 0.123849399873 3 2 0 3 3 0 3 0 0 3 1 0 2 1 0 2 0 0 2 2 0 1 0 0 1 1 1.0
8 s8 13 c13 0.0785067594093 0.102189781022 0.12991970118 3 2 0 3 3 0 3 0 0 3 1 0 2 1 0 2 0 0 2 2 0 1 0 0 1 1 1.0
8 s8 14 c14 0 0.0 0 3 2 0 3 3 0 3 0 0 3 1 0 2 1 0 2 0 0 2 2 0 1 0 0 1 1 1.0
9 s9 0 c0 0 0.0 0 3 2 0 3 3 0 3 0 0 3 1 0 2 1 0 2 0 0 2 2 0 1 0 0 1 1 1.0
9 s9 1 c1 0 0.0 0 3 2 0 3 3 0 3 0 0 3 1 0 2 1 0 2 0 0 2 2 0 1 0 0.481384334688 1 1 0.518615665312
9 s9 2 c2 0 0.0 0 3 2 0 3 3 0 3 0 0 3 1 0 2 1 0 2 0 0 2 2 0 1 0 0 1 1 1.0
9 s9 3 c3 0 0.0 0 3 2 0 3 3 0 3 0 0 3 1 0 2 1 0 2 0 0 2 2 0 1 0 0 1 1 1.0
9 s9 4 c4 0.0813161132199 0.104944500505 0.132459464668 3 2 0 3 3 0 3 0 0 3 1 0 2 1 0 2 0 0 2 2 0 1 0 0 1 1 1.0
9 s9 5 c5 0.00743122471579 0.0156555772994 0.0286571751464 3 2 0 3 3 0 3 0 0 3 1 0 2 1 0 2 0 0 2 2 0 1 0 0 1 1 1.0
9 s9 6 c6 0 0.0 0 3 2 0 3 3 0 3 0 0 3 1 0 2 1 0 2 0 0 2 2 0 1 0 0 1 1 1.0
9 s9 7 c7 0 0.0 0 3 2 0 3 3 0 3 0 0 3 1 0 2 1 0.0279016969775 2 0 0 2 2 0 1 0 0 1 1 0.972098303023
9 s9 8 c8 0.213525827254 0.247991967871 0.284906479502 3 2 0 3 3 0 3 0 0 3 1 0 2 1 0 2 0 0 2 2 0 1 0 0 1 1 1.0
9 s9 9 c9 0.00107734875491 0.00499001996008 0.0140571625716 3 2 0 3 3 0.0112813692913 3 0 0 3 1 0 2 1 0 2 0 0 2 2 0 1 0 0 1 1 0.988718630709
9 s9 10 c10 0 0.0 0 3 2 0 3 3 0 3 0 0 3 1 0 2 1 0 2 0 0 2 2 0 1 0 0 1 1 1.0
9 s9 11 c11 0 0.0 0 3 2 0 3 3 0 3 0 0 3 1 0 2 1 0 2 0 0 2 2 0 1 0 0 1 1 1.0
9 s9 12 c12 0.0932949955308 0.117760617761 0.145817329527 3 2 0 3 3 0 3 0 0 3 1 0 2 1 0 2 0 0 2 2 0 1 0 0 1 1 1.0
9 s9 13 c13 0 0.0 0 3 2 0 3 3 0 3 0 0 3 1 0 2 1 0 2 0 0 2 2 0 1 0 0 1 1 1.0
9 s9 14 c14 0 0.0 0 3 2 0 3 3 0 3 0 0 3 1 0 2 1 0 2 0 0 2 2 0 1 0 0 1 1 1.0
