10 #m
15 #n
0 s0 0 c0 0 0.0 0 3 2 0 3 3 0 3 0 0 2 1 0 2 0 0 2 2 0 1 0 0 1 1 1.0
0 s0 1 c1 0.0582141368725 0.0783545543585 0.102534057971 3 2 0 3 3 0 3 0 0 2 1 0 2 0 0 2 2 0 1 0 0.162228065784 1 1 0.837771934216
0 s0 2 c2 0 0.0 0 3 2 0 3 3 0 3 0 0 2 1 0 2 0 0 2 2 0 1 0 0 1 1 1.0
0 s0 3 c3 0 0.0 0 3 2 0 3 3 0 3 0 0 2 1 0 2 0 0 2 2 0 1 0 0 1 1 1.0
0 s0 4 c4 0 0.0 0 3 2 0 3 3 0 3 0 0 2 1 0 2 0 0 2 2 0 1 0 0 1 1 1.0
0 s0 5 c5 0.255817615376 0.292732855681 0.331699275725 3 2 0 3 3 0 3 0 0 2 1 0 2 0 0 2 2 0 1 0 0 1 1 1.0
0 s0 6 c6 0 0.0 0 3 2 0 3 3 0 3 0 0 2 1 0 2 0 0 2 2 0 1 0 0 1 1 1.0
0 s0 7 c7 0 0.0 0 3 2 0 3 3 0 3 0 0 2 1 0 2 0 0 2 2 0 1 0 0 1 1 1.0
0 s0 8 c8 0 0.0 0 3 2 0 3 3 0 3 0 0 2 1 0 2 0 0 2 2 0 1 0 0 1 1 1.0
0 s0 9 c9 0.0564144123981 0.0761078998073 0.0997962008437 3 2 0 3 3 0 3 0 0 2 1 0 2 0 0 2 2 0 1 0 0 1 1 1.0
0 s0 10 c10 0.175823196258 0.206994328922 0.240847359898 3 2 0 3 3 0 3 0 0 2 1 0.388537512036 2 0 0 2 2 0.298527579022 1 0 0 1 1 0.312934908941
0 s0 11 c11 0 0.0 0 3 2 0 3 3 0 3 0 0 2 1 0 2 0 0 2 2 0 1 0 0 1 1 1.0
0 s0 12 c12 0.00925741917067 0.0181644359465 0.0316955253284 3 2 0 3 3 0 3 0 0 2 1 0 2 0 0 2 2 0 1 0 0 1 1 1.0
0 s0 13 c13 0 0.0 0 3 2 0 3 3 0 3 0 0 2 1 0 2 0 0.162228065784 2 2 0 1 0 0 1 1 0.837771934216
0 s0 14 c14 0 0.0 0 3 2 0 3 3 0 3 0 0 2 1 0 2 0 0 2 2 0 1 0 0 1 1 1.0
1 s1 0 c0 0 0.0 0 3 2 0 3 3 0 3 0 0 2 1 0 2 0 0 2 2 0 1 0 0 1 1 1.0
1 s1 1 c1 0.182646289936 0.215291750503 0.250711482089 3 2 0 3 3 0 3 0 0 2 1 0 2 0 0 2 2 0 1 0 0.354168129769 1 1 0.645831870231
1 s1 2 c2 0.0907780331328 0.114975845411 0.142795336857 3 2 0.371882564072 3 3 0 3 0 0 2 1 0 2 0 0 2 2 0 1 0 0 1 1 0.628117435928
1 s1 3 c3 0 0.0 0 3 2 0 3 3 0 3 0 0 2 1 0 2 0 0 2 2 0 1 0 0 1 1 1.0
1 s1 4 c4 0.00476690534474 0.0115384615385 0.0230808888878 3 2 0 3 3 0 3 0 0 2 1 0 2 0 0 2 2 0 1 0 0 1 1 1.0
1 s1 5 c5 0 0.0 0 3 2 0 3 3 0 3 0 0 2 1 0 2 0 0 2 2 0 1 0 0 1 1 1.0
1 s1 6 c6 0 0.0 0 3 2 0 3 3 0 3 0 0.0184811962734 2 1 0 2 0 0 2 2 0 1 0 0 1 1 0.981518803727
1 s1 7 c7 0 0.0 0 3 2 0 3 3 0 3 0 0 2 1 0 2 0 0 2 2 0 1 0 0 1 1 1.0
1 s1 8 c8 0.00537178418431 0.0124760076775 0.0243224146777 3 2 0 3 3 0 3 0 0 2 1 0 2 0 0 2 2 0 1 0 0 1 1 1.0
1 s1 9 c9 0.137606380123 0.167004048583 0.199672825741 3 2 0 3 3 0 3 0 0 2 1 0 2 0 0 2 2 0 1 0 0 1 1 1.0
1 s1 10 c10 0 0.0 0 3 2 0 3 3 0 3 0 0 2 1 0 2 0 0 2 2 0 1 0 0 1 1 1.0
1 s1 11 c11 0 0.0 0 3 2 0 3 3 0 3 0 0 2 1 0 2 0 0 2 2 0 1 0 0 1 1 1.0
1 s1 12 c12 0 0.0 0 3 2 0 3 3 0 3 0 0 2 1 0 2 0 0 2 2 0 1 0 0 1 1 1.0
1 s1 13 c13 0 0.0 0 3 2 0 3 3 0 3 0 0 2 1 0 2 0 0.527867169275 2 2 0 1 0 0 1 1 0.472132830725
1 s1 14 c14 0.00727579977279 0.0157728706625 0.0294104066653 3 2 0 3 3 0 3 0 0 2 1 0 2 0 0 2 2 0 1 0 0 1 1 1.0
2 s2 0 c0 0 0.0 0 3 2 0 3 3 0 3 0 0 2 1 0 2 0 0 2 2 0 1 0 0 1 1 1.0
2 s2 1 c1 0 0.0 0 3 2 0 3 3 0 3 0 0 2 1 0 2 0 0 2 2 0 1 0 0 1 1 1.0
2 s2 2 c2 0 0.0 0 3 2 0 3 3 0 3 0 0 2 1 0 2 0 0 2 2 0 1 0 0 1 1 1.0
2 s2 3 c3 0 0.0 0 3 2 0 3 3 0 3 0 0 2 1 0 2 0 0 2 2 0 1 0 0 1 1 1.0
2 s2 4 c4 0.024132222027 0.037962037962 0.056358225703 3 2 0 3 3 0 3 0 0 2 1 0 2 0 0 2 2 0 1 0 0 1 1 1.0
2 s2 5 c5 0.0655596295132 0.087 0.112475388606 3 2 0 3 3 0 3 0 0 2 1 0 2 0 0 2 2 0 1 0 0 1 1 1.0
2 s2 6 c6 0 0.0 0 3 2 0 3 3 0 3 0 0.0549990885998 2 1 0 2 0 0 2 2 0 1 0 0 1 1 0.9450009114
2 s2 7 c7 0.0636161888249 0.0847457627119 0.109921418251 3 2 0 3 3 0 3 0 0 2 1 0 2 0 0 2 2 0 1 0 0 1 1 1.0
2 s2 8 c8 0.0170987299625 0.029 0.0455850806433 3 2 0 3 3 0 3 0 0 2 1 0 2 0 0 2 2 0 1 0 0 1 1 1.0
2 s2 9 c9 0 0.0 0 3 2 0 3 3 0 3 0 0 2 1 0 2 0 0 2 2 0 1 0 0 1 1 1.0
2 s2 10 c10 0.109897744349 0.136874361593 0.167457654041 3 2 0 3 3 0 3 0 0 2 1 0.380783001075 2 0 0 2 2 0.187152307803 1 0 0 1 1 0.432064691122
2 s2 11 c11 0 0.0 0 3 2 0 3 3 0 3 0 0 2 1 0 2 0 0 2 2 0 1 0 0 1 1 1.0
2 s2 12 c12 0.100256835205 0.126424870466 0.156360683992 3 2 0 3 3 0.107467640757 3 0 0 2 1 0 2 0 0 2 2 0 1 0 0 1 1 0.892532359243
2 s2 13 c13 0.0662094398021 0.0886486486486 0.115435511266 3 2 0 3 3 0 3 0 0 2 1 0 2 0 0.172869168299 2 2 0 1 0 0 1 1 0.827130831701
2 s2 14 c14 0 0.0 0 3 2 0 3 3 0 3 0 0 2 1 0 2 0 0 2 2 0 1 0 0 1 1 1.0
3 s3 0 c0 0.0372822787677 0.0542476970317 0.0757013803102 3 2 0 3 3 0 3 0 0 2 1 0 2 0 0 2 2 0 1 0 0 1 1 1.0
3 s3 1 c1 0.0185781989265 0.031185031185 0.0486345003457 3 2 0 3 3 0 3 0 0 2 1 0 2 0 0 2 2 0 1 0 0.0593372045061 1 1 0.940662795494
3 s3 2 c2 0 0.0 0 3 2 0 3 3 0 3 0 0 2 1 0 2 0 0 2 2 0 1 0 0 1 1 1.0
3 s3 3 c3 0 0.0 0 3 2 0 3 3 0 3 0 0 2 1 0 2 0 0 2 2 0 1 0 0.0593372045061 1 1 0.940662795494
3 s3 4 c4 0 0.0 0 3 2 0 3 3 0 3 0 0 2 1 0 2 0 0 2 2 0 1 0 0 1 1 1.0
3 s3 5 c5 0.00761826555101 0.0160481444333 0.0293708760236 3 2 0 3 3 0 3 0 0 2 1 0 2 0 0 2 2 0 1 0 0 1 1 1.0
3 s3 6 c6 0 0.0 0 3 2 0 3 3 0 3 0 0 2 1 0 2 0 0 2 2 0 1 0 0 1 1 1.0
3 s3 7 c7 0 0.0 0 3 2 0 3 3 0 3 0 0 2 1 0 2 0 0 2 2 0 1 0 0 1 1 1.0
3 s3 8 c8 0.182272241857 0.214859437751 0.250219535263 3 2 0 3 3 0 3 0 0 2 1 0 2 0 0 2 2 0 1 0 0 1 1 1.0
3 s3 9 c9 0.0194000765869 0.0317002881844 0.0484629097343 3 2 0 3 3 0 3 0 0 2 1 0 2 0 0 2 2 0 1 0 0 1 1 1.0
3 s3 10 c10 0 0.0 0 3 2 0 3 3 0 3 0 0 2 1 0.120351016682 2 0 0 2 2 0 1 0 0 1 1 0.879648983318
3 s3 11 c11 0 0.0 0 3 2 0 3 3 0 3 0 0 2 1 0 2 0 0 2 2 0 1 0 0 1 1 1.0
3 s3 12 c12 0 0.0 0 3 2 0 3 3 0 3 0 0 2 1 0 2 0 0 2 2 0 1 0 0 1 1 1.0
3 s3 13 c13 0 0.0 0 3 2 0 3 3 0 3 0 0 2 1 0 2 0 0.30517447947 2 2 0 1 0 0 1 1 0.69482552053
3 s3 14 c14 0.088695673307 0.112730806608 0.140430948411 3 2 0 3 3 0 3 0 0 2 1 0 2 0 0 2 2 0 1 0 0 1 1 1.0
4 s4 0 c0 0 0.0 0 3 2 0 3 3 0 3 0 0 2 1 0 2 0 0 2 2 0 1 0 0.194352610484 1 1 0.805647389516
4 s4 1 c1 0 0.0 0 3 2 0 3 3 0 3 0 0 2 1 0 2 0 0 2 2 0 1 0 0 1 1 1.0
4 s4 2 c2 0 0.0 0 3 2 0 3 3 0 3 0 0 2 1 0 2 0 0 2 2 0 1 0 0 1 1 1.0
4 s4 3 c3 0 0.0 0 3 2 0 3 3 0 3 0 0 2 1 0 2 0 0 2 2 0 1 0 0 1 1 1.0
4 s4 4 c4 0.0140698839681 0.025343189018 0.0416202751378 3 2 0 3 3 0 3 0 0 2 1 0 2 0 0 2 2 0 1 0 0 1 1 1.0
4 s4 5 c5 0 0.0 0 3 2 0 3 3 0 3 0 0 2 1 0 2 0 0 2 2 0 1 0 0 1 1 1.0
4 s4 6 c6 0 0.0 0 3 2 0 3 3 0 3 0 0.0493689210224 2 1 0 2 0 0 2 2 0 1 0 0 1 1 0.950631078978
4 s4 7 c7 0 0.0 0 3 2 0 3 3 0 3 0 0 2 1 0 2 0 0 2 2 0 1 0 0 1 1 1.0
4 s4 8 c8 0.018754701936 0.0314795383001 0.0490895997304 3 2 0 3 3 0 3 0 0 2 1 0 2 0 0 2 2 0.0100597789205 1 0 0 1 1 0.989940221079
4 s4 9 c9 0 0.0 0 3 2 0 3 3 0 3 0 0 2 1 0 2 0 0 2 2 0 1 0 0 1 1 1.0
4 s4 10 c10 0 0.0 0 3 2 0 3 3 0 3 0 0 2 1 0.194352610484 2 0 0 2 2 0 1 0 0 1 1 0.805647389516
4 s4 11 c11 0 0.0 0 3 2 0 3 3 0 3 0 0 2 1 0 2 0 0 2 2 0 1 0 0 1 1 1.0
4 s4 12 c12 0.184158717665 0.216617210682 0.251790165522 3 2 0 3 3 0.242405562595 3 0 0 2 1 0 2 0 0 2 2 0 1 0 0 1 1 0.757594437405
4 s4 13 c13 0 0.0 0 3 2 0 3 3 0 3 0 0 2 1 0 2 0 0.116029329758 2 2 0 1 0 0 1 1 0.883970670242
4 s4 14 c14 0 0.0 0 3 2 0 3 3 0 3 0 0 2 1 0 2 0 0 2 2 0 1 0 0 1 1 1.0
5 s5 0 c0 0 0.0 0 3 2 0 3 3 0 3 0 0 2 1 0 2 0 0 2 2 0 1 0 0.128900933751 1 1 0.871099066249
5 s5 1 c1 0.0731691277435 0.0949248120301 0.120393644103 3 2 0 3 3 0 3 0 0 2 1 0 2 0 0 2 2 0 1 0 0.201617281306 1 1 0.798382718694
5 s5 2 c2 0 0.0 0 3 2 0.0774920454521 3 3 0 3 0 0 2 1 0 2 0 0 2 2 0 1 0 0 1 1 0.922507954548
5 s5 3 c3 0.0870968113023 0.110486891386 0.137428038685 3 2 0 3 3 0 3 0 0 2 1 0 2 0 0 2 2 0 1 0 0.201617281306 1 1 0.798382718694
5 s5 4 c4 0.0685862375653 0.0908152734778 0.117169255256 3 2 0 3 3 0 3 0 0 2 1 0 2 0 0 2 2 0 1 0 0 1 1 1.0
5 s5 5 c5 0 0.0 0 3 2 0 3 3 0 3 0 0 2 1 0 2 0 0 2 2 0 1 0 0 1 1 1.0
5 s5 6 c6 0.0368795861266 0.0530805687204 0.0734457136258 3 2 0 3 3 0 3 0 0 2 1 0 2 0 0 2 2 0 1 0 0 1 1 1.0
5 s5 7 c7 0 0.0 0 3 2 0 3 3 0 3 0 0 2 1 0 2 0 0 2 2 0 1 0 0 1 1 1.0
5 s5 8 c8 0.0606648124011 0.0817805383023 0.10713109144 3 2 0 3 3 0 3 0 0 2 1 0 2 0 0 2 2 0 1 0 0 1 1 1.0
5 s5 9 c9 0.0682262459281 0.089756097561 0.115193713766 3 2 0 3 3 0 3 0 0 2 1 0 2 0 0 2 2 0 1 0 0 1 1 1.0
5 s5 10 c10 0 0.0 0 3 2 0 3 3 0 3 0 0 2 1 0.128900933751 2 0 0 2 2 0 1 0 0 1 1 0.871099066249
5 s5 11 c11 0 0.0 0 3 2 0 3 3 0 3 0 0 2 1 0 2 0 0 2 2 0 1 0 0 1 1 1.0
5 s5 12 c12 0.120370057941 0.147338403042 0.177562084074 3 2 0 3 3 0.0629895783829 3 0 0 2 1 0 2 0 0 2 2 0 1 0 0 1 1 0.937010421617
5 s5 13 c13 0 0.0 0 3 2 0 3 3 0 3 0 0 2 1 0 2 0 0.201617281306 2 2 0 1 0 0 1 1 0.798382718694
5 s5 14 c14 0 0.0 0 3 2 0 3 3 0 3 0 0 2 1 0 2 0 0 2 2 0 1 0 0 1 1 1.0
6 s6 0 c0 0 0.0 0 3 2 0 3 3 0 3 0 0 2 1 0 2 0 0 2 2 0 1 0 0 1 1 1.0
6 s6 1 c1 0.084928362866 0.108610567515 0.13602388669 3 2 0 3 3 0 3 0 0 2 1 0 2 0 0 2 2 0 1 0 0.197497068346 1 1 0.802502931654
6 s6 2 c2 0 0.0 0 3 2 0.0728890287054 3 3 0 3 0 0 2 1 0 2 0 0 2 2 0 1 0 0 1 1 0.927110971295
6 s6 3 c3 0 0.0 0 3 2 0 3 3 0 3 0 0 2 1 0 2 0 0 2 2 0 1 0 0 1 1 1.0
6 s6 4 c4 0 0.0 0 3 2 0 3 3 0 3 0 0 2 1 0 2 0 0 2 2 0 1 0 0 1 1 1.0
6 s6 5 c5 0 0.0 0 3 2 0 3 3 0 3 0 0 2 1 0 2 0 0 2 2 0 1 0 0 1 1 1.0
6 s6 6 c6 0 0.0 0 3 2 0 3 3 0 3 0 0 2 1 0 2 0 0 2 2 0 1 0 0 1 1 1.0
6 s6 7 c7 0.235070869914 0.269195189639 0.305383407404 3 2 0 3 3 0 3 0 0 2 1 0 2 0 0 2 2 0 1 0 0 1 1 1.0
6 s6 8 c8 0.048881190519 0.0678824721378 0.0911757954192 3 2 0 3 3 0 3 0 0 2 1 0 2 0 0 2 2 0.0746035275509 1 0 0 1 1 0.925396472449
6 s6 9 c9 0 0.0 0 3 2 0 3 3 0 3 0 0 2 1 0 2 0 0 2 2 0 1 0 0 1 1 1.0
6 s6 10 c10 0 0.0 0 3 2 0 3 3 0 3 0 0 2 1 0 2 0 0 2 2 0 1 0 0 1 1 1.0
6 s6 11 c11 0 0.0 0 3 2 0 3 3 0 3 0 0 2 1 0 2 0 0 2 2 0 1 0 0 1 1 1.0
6 s6 12 c12 0 0.0 0 3 2 0 3 3 0 3 0 0 2 1 0 2 0 0 2 2 0 1 0 0 1 1 1.0
6 s6 13 c13 0.170542318561 0.20152817574 0.23527541166 3 2 0 3 3 0 3 0 0 2 1 0 2 0 0.775294842366 2 2 0 1 0 0 1 1 0.224705157634
6 s6 14 c14 0 0.0 0 3 2 0 3 3 0 3 0 0 2 1 0 2 0 0 2 2 0 1 0 0 1 1 1.0
7 s7 0 c0 0 0.0 0 3 2 0 3 3 0 3 0 0 2 1 0 2 0 0 2 2 0 1 0 0 1 1 1.0
7 s7 1 c1 0.0258375643131 0.0398832684825 0.0583510930747 3 2 0 3 3 0 3 0 0 2 1 0 2 0 0 2 2 0 1 0 0.0907087808545 1 1 0.909291219145
7 s7 2 c2 0.0635779707585 0.0848484848485 0.110217753554 3 2 0.260708221369 3 3 0 3 0 0 2 1 0 2 0 0 2 2 0 1 0 0 1 1 0.739291778631
7 s7 3 c3 0 0.0 0 3 2 0 3 3 0 3 0 0 2 1 0 2 0 0 2 2 0 1 0 0.0907087808545 1 1 0.909291219145
7 s7 4 c4 0 0.0 0 3 2 0 3 3 0 3 0 0 2 1 0 2 0 0 2 2 0 1 0 0 1 1 1.0
7 s7 5 c5 0.00829115192316 0.017017017017 0.0306087901262 3 2 0 3 3 0 3 0 0 2 1 0 2 0 0 2 2 0 1 0 0 1 1 1.0
7 s7 6 c6 0 0.0 0 3 2 0 3 3 0 3 0 0 2 1 0 2 0 0 2 2 0 1 0 0 1 1 1.0
7 s7 7 c7 0 0.0 0 3 2 0 3 3 0 3 0 0 2 1 0 2 0 0 2 2 0 1 0 0 1 1 1.0
7 s7 8 c8 0 0.0 0 3 2 0 3 3 0 3 0 0 2 1 0 2 0 0 2 2 0 1 0 0 1 1 1.0
7 s7 9 c9 0.0338925027271 0.04995004995 0.0704347055164 3 2 0 3 3 0 3 0 0 2 1 0 2 0 0 2 2 0 1 0 0 1 1 1.0
7 s7 10 c10 0.0248832590234 0.0386473429952 0.0568173962591 3 2 0 3 3 0 3 0 0 2 1 0 2 0 0 2 2 0.0360069130689 1 0 0 1 1 0.963993086931
7 s7 11 c11 0.122257611195 0.149613899614 0.180254461043 3 2 0 3 3 0 3 0 0 2 1 0 2 0 0 2 2 0 1 0 0 1 1 1.0
7 s7 12 c12 0.093706434286 0.118155619597 0.146174662452 3 2 0 3 3 0.0887121700597 3 0 0 2 1 0 2 0 0 2 2 0 1 0 0 1 1 0.91128782994
7 s7 13 c13 0 0.0 0 3 2 0 3 3 0 3 0 0 2 1 0 2 0 0.0907087808545 2 2 0 1 0 0 1 1 0.909291219145
7 s7 14 c14 0 0.0 0 3 2 0 3 3 0 3 0 0 2 1 0 2 0 0 2 2 0 1 0 0 1 1 1.0
8 s8 0 c0 0.0594821736624 0.0802030456853 0.105092802932 3 2 0 3 3 0 3 0 0 2 1 0 2 0 0 2 2 0 1 0 0 1 1 1.0
8 s8 1 c1 0 0.0 0 3 2 0 3 3 0 3 0 0 2 1 0 2 0 0 2 2 0 1 0 0 1 1 1.0
8 s8 2 c2 0 0.0 0 3 2 0.0797690334329 3 3 0 3 0 0 2 1 0 2 0 0 2 2 0 1 0 0 1 1 0.920230966567
8 s8 3 c3 0 0.0 0 3 2 0 3 3 0 3 0 0 2 1 0 2 0 0 2 2 0 1 0 0 1 1 1.0
8 s8 4 c4 0 0.0 0 3 2 0 3 3 0 3 0 0 2 1 0 2 0 0 2 2 0 1 0 0 1 1 1.0
8 s8 5 c5 0.0987111933276 0.123902439024 0.152663515719 3 2 0 3 3 0 3 0 0 2 1 0 2 0 0 2 2 0 1 0 0 1 1 1.0
8 s8 6 c6 0 0.0 0 3 2 0 3 3 0 3 0 0 2 1 0 2 0 0 2 2 0 1 0 0 1 1 1.0
8 s8 7 c7 0 0.0 0 3 2 0 3 3 0 3 0 0 2 1 0 2 0 0 2 2 0 1 0 0 1 1 1.0
8 s8 8 c8 0.115594059101 0.143149284254 0.174251000097 3 2 0 3 3 0 3 0 0 2 1 0 2 0 0 2 2 0.199273677334 1 0 0 1 1 0.800726322666
8 s8 9 c9 0 0.0 0 3 2 0 3 3 0 3 0 0 2 1 0 2 0 0 2 2 0 1 0 0 1 1 1.0
8 s8 10 c10 0 0.0 0 3 2 0 3 3 0 3 0 0 2 1 0.434528319068 2 0 0 2 2 0 1 0 0 1 1 0.565471680932
8 s8 11 c11 0 0.0 0 3 2 0 3 3 0 3 0 0 2 1 0 2 0 0 2 2 0 1 0 0 1 1 1.0
8 s8 12 c12 0.0734138805077 0.0960566228514 0.122685543318 3 2 0 3 3 0 3 0 0 2 1 0 2 0 0 2 2 0 1 0 0 1 1 1.0
8 s8 13 c13 0 0.0 0 3 2 0 3 3 0 3 0 0 2 1 0 2 0 0 2 2 0 1 0 0 1 1 1.0
8 s8 14 c14 0 0.0 0 3 2 0 3 3 0 3 0 0 2 1 0 2 0 0 2 2 0 1 0 0 1 1 1.0
9 s9 0 c0 0.0905104495481 0.115789473684 0.145008970163 3 2 0 3 3 0 3 0 0 2 1 0 2 0 0 2 2 0 1 0 0 1 1 1.0
9 s9 1 c1 0 0.0 0 3 2 0 3 3 0 3 0 0 2 1 0 2 0 0 2 2 0 1 0 0 1 1 1.0
9 s9 2 c2 0.00112338273837 0.00520291363163 0.0146540387381 3 2 0.018592164263 3 3 0 3 0 0 2 1 0 2 0 0 2 2 0 1 0 0 1 1 0.981407835737
9 s9 3 c3 0 0.0 0 3 2 0 3 3 0 3 0 0 2 1 0 2 0 0 2 2 0 1 0 0 1 1 1.0
9 s9 4 c4 0.0402300714974 0.0572815533981 0.0785547372378 3 2 0 3 3 0 3 0 0 2 1 0 2 0 0 2 2 0 1 0 0 1 1 1.0
9 s9 5 c5 0 0.0 0 3 2 0 3 3 0 3 0 0 2 1 0 2 0 0 2 2 0 1 0 0 1 1 1.0
9 s9 6 c6 0 0.0 0 3 2 0 3 3 0 3 0 0.115423351892 2 1 0 2 0 0 2 2 0 1 0 0 1 1 0.884576648108
9 s9 7 c7 0.0473858460489 0.066 0.0888698136902 3 2 0 3 3 0 3 0 0 2 1 0 2 0 0 2 2 0 1 0 0 1 1 1.0
9 s9 8 c8 0.171873096684 0.203323558162 0.237583497612 3 2 0 3 3 0 3 0 0 2 1 0 2 0 0 2 2 0.172458691047 1 0 0 1 1 0.827541308953
9 s9 9 c9 0 0.0 0 3 2 0 3 3 0 3 0 0 2 1 0 2 0 0 2 2 0 1 0 0 1 1 1.0
9 s9 10 c10 0 0.0 0 3 2 0 3 3 0 3 0 0 2 1 0.249001815002 2 0 0 2 2 0 1 0 0 1 1 0.750998184998
9 s9 11 c11 0 0.0 0 3 2 0 3 3 0 3 0 0 2 1 0 2 0 0 2 2 0 1 0 0 1 1 1.0
9 s9 12 c12 0 0.0 0 3 2 0 3 3 0 3 0 0 2 1 0 2 0 0 2 2 0 1 0 0 1 1 1.0
9 s9 13 c13 0.044689884388 0.0626223091977 0.0847531281143 3 2 0 3 3 0 3 0 0 2 1 0 2 0 0.121585410766 2 2 0 1 0 0 1 1 0.878414589234
9 s9 14 c14 0 0.0 0 3 2 0 3 3 0 3 0 0 2 1 0 2 0 0 2 2 0 1 0 0 1 1 1.0
