10 #m
5 #n
0 s0 0 0 0.201670698544 0.201670698544 0.201670698544 3 0 0 1 0 0 1 1 0.661999847888 2 1 0 3 3 0.338000152112
0 s0 1 1 0.14509182967 0.14509182967 0.14509182967 3 0 0 1 0 0 1 1 1.0 2 1 0 3 3 0
0 s0 2 2 0.160802602406 0.160802602406 0.160802602406 3 0 0 1 0 0.125655268794 1 1 0.874344731206 2 1 0 3 3 0
0 s0 3 3 0.0 0.0 0.0 3 0 0 1 0 0 1 1 1.0 2 1 0 3 3 0
0 s0 4 4 0.0591406189142 0.0591406189142 0.0591406189142 3 0 0 1 0 0 1 1 1.0 2 1 0 3 3 0
1 s1 0 0 0.304101937099 0.304101937099 0.304101937099 3 0 0 1 0 0 1 1 0.223826074144 2 1 0 3 3 0.776173925856
1 s1 1 1 0.0280380243137 0.0280380243137 0.0280380243137 3 0 0 1 0 0 1 1 1.0 2 1 0 3 3 0
1 s1 2 2 0.377447938422 0.377447938422 0.377447938422 3 0 0 1 0 0.18030362149 1 1 0.81969637851 2 1 0 3 3 0
1 s1 3 3 0.043850379499 0.043850379499 0.043850379499 3 0 0.486822206848 1 0 0 1 1 0.513177793152 2 1 0 3 3 0
1 s1 4 4 0.0 0.0 0.0 3 0 0 1 0 0 1 1 1.0 2 1 0 3 3 0
2 s2 0 0 0.286540239933 0.286540239933 0.286540239933 3 0 0 1 0 0 1 1 0.328819071463 2 1 0 3 3 0.671180928537
2 s2 1 1 0.0811894954607 0.0811894954607 0.0811894954607 3 0 0 1 0 0 1 1 0.959705591217 2 1 0.0402944087825 3 3 0
2 s2 2 2 0.101582225647 0.101582225647 0.101582225647 3 0 0 1 0 0.520934125084 1 1 0.479065874916 2 1 0 3 3 0
2 s2 3 3 0.0 0.0 0.0 3 0 0.0219678926257 1 0 0 1 1 0.978032107374 2 1 0 3 3 0
2 s2 4 4 0.0 0.0 0.0 3 0 0 1 0 0 1 1 1.0 2 1 0 3 3 0
3 s3 0 0 0.158551015538 0.158551015538 0.158551015538 3 0 0 1 0 0 1 1 0.767826201346 2 1 0 3 3 0.232173798654
3 s3 1 1 0.0631767285858 0.0631767285858 0.0631767285858 3 0 0 1 0 0 1 1 1.0 2 1 0 3 3 0
3 s3 2 2 0.343667139797 0.343667139797 0.343667139797 3 0 0 1 0 0.0913846092199 1 1 0.90861539078 2 1 0 3 3 0
3 s3 3 3 0.0139824830558 0.0139824830558 0.0139824830558 3 0 0.111268414601 1 0 0 1 1 0.888731585399 2 1 0 3 3 0
3 s3 4 4 0.0 0.0 0.0 3 0 0 1 0 0 1 1 1.0 2 1 0 3 3 0
4 s4 0 0 0.180679295721 0.180679295721 0.180679295721 3 0 0 1 0 0 1 1 0.717088035164 2 1 0 3 3 0.282911964836
4 s4 1 1 0.0965037849779 0.0965037849779 0.0965037849779 3 0 0 1 0 0 1 1 1.0 2 1 0 3 3 0
4 s4 2 2 0.0674589787342 0.0674589787342 0.0674589787342 3 0 0 1 0 0.205722287149 1 1 0.794277712851 2 1 0 3 3 0
4 s4 3 3 0.0 0.0 0.0 3 0 0.0771896776867 1 0 0 1 1 0.922810322313 2 1 0 3 3 0
4 s4 4 4 0.0324952774168 0.0324952774168 0.0324952774168 3 0 0 1 0 0 1 1 1.0 2 1 0 3 3 0
5 s5 0 0 0.190959706458 0.190959706458 0.190959706458 3 0 0 1 0 0 1 1 0.691043999038 2 1 0 3 3 0.308956000962
5 s5 1 1 0.00577136911237 0.00577136911237 0.00577136911237 3 0 0 1 0 0 1 1 1.0 2 1 0 3 3 0
5 s5 2 2 0.0780169536939 0.0780169536939 0.0780169536939 3 0 0 1 0 0.165862153525 1 1 0.834137846475 2 1 0 3 3 0
5 s5 3 3 0.0 0.0 0.0 3 0 0.0627852522614 1 0 0 1 1 0.937214747739 2 1 0 3 3 0
5 s5 4 4 0.304806390224 0.304806390224 0.304806390224 3 0 0 1 0 0 1 1 1.0 2 1 0 3 3 0
6 s6 0 0 0.217938097471 0.217938097471 0.217938097471 3 0 0 1 0 0 1 1 0.61366973789 2 1 0 3 3 0.38633026211
6 s6 1 1 0.1506134723 0.1506134723 0.1506134723 3 0 0 1 0 0 1 1 0.861770303713 2 1 0.138229696287 3 3 0
6 s6 2 2 0.162850000708 0.162850000708 0.162850000708 3 0 0 1 0 0.0724246081897 1 1 0.92757539181 2 1 0 3 3 0
6 s6 3 3 0.0 0.0 0.0 3 0 0 1 0 0 1 1 1.0 2 1 0 3 3 0
6 s6 4 4 0.159816474361 0.159816474361 0.159816474361 3 0 0 1 0 0 1 1 1.0 2 1 0 3 3 0
7 s7 0 0 0.214515020979 0.214515020979 0.214515020979 3 0 0 1 0 0 1 1 0.62429718419 2 1 0 3 3 0.37570281581
7 s7 1 1 0.334225841039 0.334225841039 0.334225841039 3 0 0 1 0 0 1 1 0.81501886864 2 1 0.18498113136 3 3 0
7 s7 2 2 0.154924875362 0.154924875362 0.154924875362 3 0 0 1 0 0.077925693428 1 1 0.922074306572 2 1 0 3 3 0
7 s7 3 3 0.0 0.0 0.0 3 0 0.0406208448018 1 0 0 1 1 0.959379155198 2 1 0 3 3 0
7 s7 4 4 0.0 0.0 0.0 3 0 0 1 0 0 1 1 1.0 2 1 0 3 3 0
8 s8 0 0 0.148370519988 0.148370519988 0.148370519988 3 0 0 1 0 0 1 1 0.789024344628 2 1 0 3 3 0.210975655372
8 s8 1 1 0.114371318776 0.114371318776 0.114371318776 3 0 0 1 0 0 1 1 0.932242227315 2 1 0.0677577726848 3 3 0
8 s8 2 2 0.0960389768743 0.0960389768743 0.0960389768743 3 0 0 1 0 0.0209054385531 1 1 0.979094561447 2 1 0 3 3 0
8 s8 3 3 0.0 0.0 0.0 3 0 0.190070216819 1 0 0 1 1 0.809929783181 2 1 0 3 3 0
8 s8 4 4 0.19667988876 0.19667988876 0.19667988876 3 0 0 1 0 0 1 1 1.0 2 1 0 3 3 0
9 s9 0 0 0.148817557429 0.148817557429 0.148817557429 3 0 0 1 0 0 1 1 0.78811930867 2 1 0 3 3 0.21188069133
9 s9 1 1 0.180030870607 0.180030870607 0.180030870607 3 0 0 1 0 0 1 1 0.802160522726 2 1 0.197839477274 3 3 0
9 s9 2 2 0.24846394954 0.24846394954 0.24846394954 3 0 0 1 0 0 1 1 1.0 2 1 0 3 3 0
9 s9 3 3 0.0 0.0 0.0 3 0 0.0244522747313 1 0 0 1 1 0.975547725269 2 1 0 3 3 0
9 s9 4 4 0.110406845054 0.110406845054 0.110406845054 3 0 0 1 0 0 1 1 1.0 2 1 0 3 3 0
