10 #m
5 #n
0 s0 0 0 0.0 0.0 0.0 3 2 0 3 3 0 2 1 0 2 0 0 1 0 0 1 1 1.0
0 s0 1 1 0.170674819805 0.170674819805 0.170674819805 3 2 0 3 3 0 2 1 0 2 0 0 1 0 0.291583652296 1 1 0.708416347704
0 s0 2 2 0.00650129508399 0.00650129508399 0.00650129508399 3 2 0.275545115055 3 3 0 2 1 0 2 0 0 1 0 0 1 1 0.724454884945
0 s0 3 3 0.163143547612 0.163143547612 0.163143547612 3 2 0.0993831287679 3 3 0 2 1 0 2 0 0 1 0 0 1 1 0.900616871232
0 s0 4 4 0.289466848868 0.289466848868 0.289466848868 3 2 0 3 3 0.291583652296 2 1 0 2 0 0.333381597191 1 0 0 1 1 0.375034750513
1 s1 0 0 0.0803697326254 0.0803697326254 0.0803697326254 3 2 0 3 3 0 2 1 0 2 0 0 1 0 0 1 1 1.0
1 s1 1 1 0.387668565344 0.387668565344 0.387668565344 3 2 0 3 3 0 2 1 0 2 0 0 1 0 0.548549407487 1 1 0.451450592513
1 s1 2 2 0.0 0.0 0.0 3 2 0 3 3 0 2 1 0 2 0 0 1 0 0 1 1 1.0
1 s1 3 3 0.00786870050177 0.00786870050177 0.00786870050177 3 2 0 3 3 0 2 1 0 2 0 0 1 0 0 1 1 1.0
1 s1 4 4 0.308795798508 0.308795798508 0.308795798508 3 2 0 3 3 0.597335372603 2 1 0 2 0 0.160739465251 1 0 0 1 1 0.241925162146
2 s2 0 0 0.0798655872752 0.0798655872752 0.0798655872752 3 2 0 3 3 0 2 1 0 2 0 0 1 0 0 1 1 1.0
2 s2 1 1 0.0611930977687 0.0611930977687 0.0611930977687 3 2 0 3 3 0 2 1 0 2 0 0 1 0 0.0737232656231 1 1 0.926276734377
2 s2 2 2 0.152630403909 0.152630403909 0.152630403909 3 2 0 3 3 0 2 1 0 2 0 0 1 0 0 1 1 1.0
2 s2 3 3 0.0 0.0 0.0 3 2 0 3 3 0 2 1 0 2 0 0 1 0 0 1 1 1.0
2 s2 4 4 0.319504950437 0.319504950437 0.319504950437 3 2 0 3 3 0.117874840536 2 1 0 2 0 0.553906600134 1 0 0 1 1 0.32821855933
3 s3 0 0 0.253025735503 0.253025735503 0.253025735503 3 2 0 3 3 0 2 1 0 2 0 0 1 0 0 1 1 1.0
3 s3 1 1 0.0638201325196 0.0638201325196 0.0638201325196 3 2 0 3 3 0 2 1 0 2 0 0 1 0 0.119982938034 1 1 0.880017061966
3 s3 2 2 0.00901382498896 0.00901382498896 0.00901382498896 3 2 0.298787549416 3 3 0 2 1 0 2 0 0 1 0 0 1 1 0.701212450584
3 s3 3 3 0.179298562437 0.179298562437 0.179298562437 3 2 0.129428732466 3 3 0 2 1 0 2 0 0 1 0 0 1 1 0.870571267534
3 s3 4 4 0.311349154034 0.311349154034 0.311349154034 3 2 0 3 3 0.119982938034 2 1 0 2 0 0.532158777022 1 0 0 1 1 0.347858284944
4 s4 0 0 0.0881457072201 0.0881457072201 0.0881457072201 3 2 0 3 3 0 2 1 0 2 0 0 1 0 0 1 1 1.0
4 s4 1 1 0.201520039289 0.201520039289 0.201520039289 3 2 0 3 3 0 2 1 0 2 0 0 1 0 0.322707969502 1 1 0.677292030498
4 s4 2 2 0.0818209083649 0.0818209083649 0.0818209083649 3 2 0 3 3 0 2 1 0 2 0 0 1 0 0 1 1 1.0
4 s4 3 3 0.0 0.0 0.0 3 2 0 3 3 0 2 1 0 2 0 0 1 0 0 1 1 1.0
4 s4 4 4 0.355137582179 0.355137582179 0.355137582179 3 2 0 3 3 0.639127005404 2 1 0 2 0 0.33993323117 1 0 0 1 1 0.0209397634256
5 s5 0 0 0.0 0.0 0.0 3 2 0 3 3 0 2 1 0 2 0 0 1 0 0 1 1 1.0
5 s5 1 1 0.239553716194 0.239553716194 0.239553716194 3 2 0 3 3 0 2 1 0 2 0 0 1 0 0.386516071171 1 1 0.613483928829
5 s5 2 2 0.0 0.0 0.0 3 2 0.241113772891 3 3 0 2 1 0 2 0 0 1 0 0 1 1 0.758886227109
5 s5 3 3 0.167838954901 0.167838954901 0.167838954901 3 2 0 3 3 0 2 1 0.141905105938 2 0 0 1 0 0 1 1 0.858094894062
5 s5 4 4 0.270621010099 0.270621010099 0.270621010099 3 2 0 3 3 0.386516071171 2 1 0 2 0 0.186607356256 1 0 0 1 1 0.426876572573
6 s6 0 0 0.0667574961149 0.0667574961149 0.0667574961149 3 2 0 3 3 0 2 1 0 2 0 0 1 0 0 1 1 1.0
6 s6 1 1 0.0303409737273 0.0303409737273 0.0303409737273 3 2 0 3 3 0 2 1 0 2 0 0 1 0 0.0588950153415 1 1 0.941104984658
6 s6 2 2 0.0 0.0 0.0 3 2 0.179518970963 3 3 0 2 1 0 2 0 0 1 0 0 1 1 0.820481029037
6 s6 3 3 0.259759564421 0.259759564421 0.259759564421 3 2 0 3 3 0 2 1 0.179518970963 2 0 0 1 0 0 1 1 0.820481029037
6 s6 4 4 0.168651399818 0.168651399818 0.168651399818 3 2 0 3 3 0.153756351539 2 1 0 2 0 0.13351499223 1 0 0 1 1 0.712728656231
7 s7 0 0 0.0 0.0 0.0 3 2 0 3 3 0 2 1 0 2 0 0 1 0 0 1 1 1.0
7 s7 1 1 0.110426355044 0.110426355044 0.110426355044 3 2 0 3 3 0 2 1 0 2 0 0 1 0 0 1 1 1.0
7 s7 2 2 0.138927592822 0.138927592822 0.138927592822 3 2 0.0657848251536 3 3 0 2 1 0 2 0 0 1 0 0 1 1 0.934215174846
7 s7 3 3 0.0322041776337 0.0322041776337 0.0322041776337 3 2 0 3 3 0 2 1 0.0427419666403 2 0 0 1 0 0 1 1 0.95725803336
7 s7 4 4 0.320551926105 0.320551926105 0.320551926105 3 2 0 3 3 0.467866103366 2 1 0 2 0 0.305273167852 1 0 0 1 1 0.226860728782
8 s8 0 0 0.0 0.0 0.0 3 2 0 3 3 0 2 1 0 2 0 0 1 0 0 1 1 1.0
8 s8 1 1 0.0 0.0 0.0 3 2 0 3 3 0 2 1 0 2 0 0 1 0 0 1 1 1.0
8 s8 2 2 0.0220774393757 0.0220774393757 0.0220774393757 3 2 0.175015229997 3 3 0 2 1 0 2 0 0 1 0 0 1 1 0.824984770003
8 s8 3 3 0.0967753153493 0.0967753153493 0.0967753153493 3 2 0 3 3 0 2 1 0.175015229997 2 0 0 1 0 0 1 1 0.824984770003
8 s8 4 4 0.19829264429 0.19829264429 0.19829264429 3 2 0 3 3 0.16754537618 2 1 0 2 0 0.194386598946 1 0 0 1 1 0.638068024874
9 s9 0 0 0.0 0.0 0.0 3 2 0 3 3 0 2 1 0 2 0 0 1 0 0 1 1 1.0
9 s9 1 1 0.131596878717 0.131596878717 0.131596878717 3 2 0 3 3 0 2 1 0 2 0 0 1 0 0.23258614652 1 1 0.76741385348
9 s9 2 2 0.0 0.0 0.0 3 2 0.0582354239534 3 3 0 2 1 0 2 0 0 1 0 0 1 1 0.941764576047
9 s9 3 3 0.0637270734162 0.0637270734162 0.0637270734162 3 2 0 3 3 0 2 1 0 2 0 0 1 0 0 1 1 1.0
9 s9 4 4 0.327006704269 0.327006704269 0.327006704269 3 2 0 3 3 0.386260181677 2 1 0 2 0 0.386731721188 1 0 0 1 1 0.227008097135
