10 #m
5 #n
0 s0 0 0 0.136861536737 0.136861536737 0.136861536737 3 2 0 3 0 0 3 1 0 2 1 0.317125334028 2 0 0 1 1 0.682874665972
0 s0 1 1 0.190031630734 0.190031630734 0.190031630734 3 2 0 3 0 0 3 1 0 2 1 0 2 0 0.380063261469 1 1 0.619936738531
0 s0 2 2 0.0898688274778 0.0898688274778 0.0898688274778 3 2 0 3 0 0 3 1 0 2 1 0 2 0 0 1 1 1.0
0 s0 3 3 0.620399903242 0.620399903242 0.620399903242 3 2 0 3 0 0.0855618086588 3 1 0.735494657779 2 1 0 2 0 0 1 1 0.178943533562
0 s0 4 4 0.231831242804 0.231831242804 0.231831242804 3 2 0.355431396311 3 0 0 3 1 0 2 1 0 2 0 0 1 1 0.644568603689
1 s1 0 0 0.109977775496 0.109977775496 0.109977775496 3 2 0 3 0 0 3 1 0 2 1 0.702241845352 2 0 0 1 1 0.297758154648
1 s1 1 1 0.00930114526759 0.00930114526759 0.00930114526759 3 2 0 3 0 0 3 1 0 2 1 0 2 0 0.0186022905352 1 1 0.981397709465
1 s1 2 2 0.10611503151 0.10611503151 0.10611503151 3 2 0 3 0 0 3 1 0 2 1 0 2 0 0 1 1 1.0
1 s1 3 3 0.605777039919 0.605777039919 0.605777039919 3 2 0 3 0 0.212230063021 3 1 0.749319934188 2 1 0 2 0 0 1 1 0.0384500027906
1 s1 4 4 0.348612112052 0.348612112052 0.348612112052 3 2 0.730717643653 3 0 0 3 1 0 2 1 0 2 0 0 1 1 0.269282356347
2 s2 0 0 0.043550729837 0.043550729837 0.043550729837 3 2 0 3 0 0 3 1 0 2 1 0.206228149114 2 0 0 1 1 0.793771850886
2 s2 1 1 0.0 0.0 0.0 3 2 0 3 0 0 3 1 0 2 1 0 2 0 0 1 1 1.0
2 s2 2 2 0.177980890471 0.177980890471 0.177980890471 3 2 0 3 0 0 3 1 0 2 1 0 2 0 0 1 1 1.0
2 s2 3 3 0.496394937672 0.496394937672 0.496394937672 3 2 0 3 0 0.355961780943 3 1 0.582643285345 2 1 0 2 0 0 1 1 0.061394933712
2 s2 4 4 0.23269882574 0.23269882574 0.23269882574 3 2 0.357474761636 3 0 0 3 1 0 2 1 0 2 0 0 1 1 0.642525238364
3 s3 0 0 0.0 0.0 0.0 3 2 0 3 0 0 3 1 0 2 1 0.0715427636274 2 0 0 1 1 0.928457236373
3 s3 1 1 0.162875437698 0.162875437698 0.162875437698 3 2 0 3 0 0 3 1 0 2 1 0 2 0 0.325750875395 1 1 0.674249124605
3 s3 2 2 0.24602493748 0.24602493748 0.24602493748 3 2 0 3 0 0 3 1 0 2 1 0 2 0 0 1 1 1.0
3 s3 3 3 0.495178294067 0.495178294067 0.495178294067 3 2 0 3 0 0 3 1 0.492802147032 2 1 0 2 0 0 1 1 0.507197852968
3 s3 4 4 0.0767782424342 0.0767782424342 0.0767782424342 3 2 0.08677148568 3 0 0 3 1 0 2 1 0 2 0 0 1 1 0.91322851432
4 s4 0 0 0.0189495583479 0.0189495583479 0.0189495583479 3 2 0 3 0 0 3 1 0 2 1 0.138863407691 2 0 0 1 1 0.861136592309
4 s4 1 1 0.0 0.0 0.0 3 2 0 3 0 0 3 1 0 2 1 0 2 0 0 1 1 1.0
4 s4 2 2 0.0628136197994 0.0628136197994 0.0628136197994 3 2 0 3 0 0 3 1 0 2 1 0 2 0 0 1 1 1.0
4 s4 3 3 0.519307961239 0.519307961239 0.519307961239 3 2 0 3 0 0 3 1 0.529532147415 2 1 0 2 0 0 1 1 0.470467852585
4 s4 4 4 0.228935067753 0.228935067753 0.228935067753 3 2 0.348668862107 3 0 0 3 1 0 2 1 0 2 0 0 1 1 0.651331137893
5 s5 0 0 0.0 0.0 0.0 3 2 0 3 0 0 3 1 0 2 1 0.0549831260685 2 0 0 1 1 0.945016873932
5 s5 1 1 0.101754735255 0.101754735255 0.101754735255 3 2 0 3 0 0 3 1 0 2 1 0 2 0 0.203509470509 1 1 0.796490529491
5 s5 2 2 0.0895641312273 0.0895641312273 0.0895641312273 3 2 0 3 0 0 3 1 0 2 1 0 2 0 0 1 1 1.0
5 s5 3 3 0.563990203839 0.563990203839 0.563990203839 3 2 0 3 0 0.179128262455 3 1 0.656513958493 2 1 0 2 0 0 1 1 0.164357779052
5 s5 4 4 0.100493689385 0.100493689385 0.100493689385 3 2 0.118330961758 3 0 0 3 1 0 2 1 0 2 0 0 1 1 0.881669038242
6 s6 0 0 0.146875994652 0.146875994652 0.146875994652 3 2 0 3 0 0 3 1 0 2 1 0.483532011246 2 0 0 1 1 0.516467988754
6 s6 1 1 0.0234718416869 0.0234718416869 0.0234718416869 3 2 0 3 0 0 3 1 0 2 1 0 2 0 0.0469436833739 1 1 0.953056316626
6 s6 2 2 0.0774374994125 0.0774374994125 0.0774374994125 3 2 0 3 0 0 3 1 0 2 1 0 2 0 0 1 1 1.0
6 s6 3 3 0.602331569226 0.602331569226 0.602331569226 3 2 0 3 0 0.154874998825 3 1 0.722955823682 2 1 0 2 0 0 1 1 0.122169177493
6 s6 4 4 0.335653439873 0.335653439873 0.335653439873 3 2 0.676012140308 3 0 0 3 1 0 2 1 0 2 0 0 1 1 0.323987859692
7 s7 0 0 0.0367209742665 0.0367209742665 0.0367209742665 3 2 0 3 0 0 3 1 0 2 1 0.254845083807 2 0 0 1 1 0.745154916193
7 s7 1 1 0.0563031048506 0.0563031048506 0.0563031048506 3 2 0 3 0 0 3 1 0 2 1 0 2 0 0.112606209701 1 1 0.887393790299
7 s7 2 2 0.0070909467511 0.0070909467511 0.0070909467511 3 2 0 3 0 0 3 1 0 2 1 0 2 0 0 1 1 1.0
7 s7 3 3 0.45940891803 0.45940891803 0.45940891803 3 2 0 3 0 0 3 1 0.441488425175 2 1 0 2 0 0 1 1 0.558511574825
7 s7 4 4 0.220235102715 0.220235102715 0.220235102715 3 2 0.328882215474 3 0 0 3 1 0 2 1 0 2 0 0 1 1 0.671117784526
8 s8 0 0 0.0 0.0 0.0 3 2 0 3 0 0 3 1 0 2 1 0.241253297947 2 0 0 1 1 0.758746702053
8 s8 1 1 0.0 0.0 0.0 3 2 0 3 0 0 3 1 0 2 1 0 2 0 0 1 1 1.0
8 s8 2 2 0.22958745868 0.22958745868 0.22958745868 3 2 0 3 0 0 3 1 0 2 1 0 2 0 0 1 1 1.0
8 s8 3 3 0.443752158343 0.443752158343 0.443752158343 3 2 0 3 0 0.280584032317 3 1 0.479060901576 2 1 0 2 0 0 1 1 0.240355066106
8 s8 4 4 0.270114529878 0.270114529878 0.270114529878 3 2 0.454105113921 3 0 0 3 1 0 2 1 0 2 0 0 1 1 0.545894886079
9 s9 0 0 0.127376208936 0.127376208936 0.127376208936 3 2 0 3 0 0 3 1 0 2 1 0.34217622307 2 0 0 1 1 0.65782377693
9 s9 1 1 0.0 0.0 0.0 3 2 0 3 0 0 3 1 0 2 1 0 2 0 0 1 1 1.0
9 s9 2 2 0.100449028605 0.100449028605 0.100449028605 3 2 0 3 0 0 3 1 0 2 1 0 2 0 0 1 1 1.0
9 s9 3 3 0.534164094183 0.534164094183 0.534164094183 3 2 0 3 0 0.117782902546 3 1 0.585629287025 2 1 0 2 0 0 1 1 0.296587810429
9 s9 4 4 0.311762985046 0.311762985046 0.311762985046 3 2 0.585629287025 3 0 0 3 1 0 2 1 0 2 0 0 1 1 0.414370712975
