10 #m
5 #n
0 s0 0 0 0.0 0.0 0.0 3 0 0 2 0 0 1 0 0 1 1 1.0
0 s0 1 1 0.0 0.0 0.0 3 0 0 2 0 0 1 0 0.358579850054 1 1 0.641420149946
0 s0 2 2 0.235908295213 0.235908295213 0.235908295213 3 0 0 2 0 0 1 0 0 1 1 1.0
0 s0 3 3 0.125196172565 0.125196172565 0.125196172565 3 0 0 2 0 0.152590322246 1 0 0 1 1 0.847409677754
0 s0 4 4 0.00823372563085 0.00823372563085 0.00823372563085 3 0 0 2 0 0 1 0 0 1 1 1.0
1 s1 0 0 0.0 0.0 0.0 3 0 0 2 0 0 1 0 0 1 1 1.0
1 s1 1 1 0.0727962616084 0.0727962616084 0.0727962616084 3 0 0 2 0 0 1 0 0 1 1 1.0
1 s1 2 2 0.360933378453 0.360933378453 0.360933378453 3 0 0 2 0 0 1 0 0 1 1 1.0
1 s1 3 3 0.0290379673225 0.0290379673225 0.0290379673225 3 0 0 2 0 0.58155092063 1 0 0 1 1 0.41844907937
1 s1 4 4 0.00825233838572 0.00825233838572 0.00825233838572 3 0 0 2 0 0 1 0 0 1 1 1.0
2 s2 0 0 0.0 0.0 0.0 3 0 0 2 0 0 1 0 0 1 1 1.0
2 s2 1 1 0.0907593071506 0.0907593071506 0.0907593071506 3 0 0 2 0 0 1 0 0.0984373998783 1 1 0.901562600122
2 s2 2 2 0.166160286759 0.166160286759 0.166160286759 3 0 0 2 0 0 1 0 0 1 1 1.0
2 s2 3 3 0.108321018921 0.108321018921 0.108321018921 3 0 0 2 0 0.115678535677 1 0 0 1 1 0.884321464323
2 s2 4 4 0.0100634284648 0.0100634284648 0.0100634284648 3 0 0.216642037841 2 0 0 1 0 0 1 1 0.783357962159
3 s3 0 0 0.0530426965892 0.0530426965892 0.0530426965892 3 0 0 2 0 0 1 0 0 1 1 1.0
3 s3 1 1 0.0 0.0 0.0 3 0 0 2 0 0 1 0 0.423763811498 1 1 0.576236188502
3 s3 2 2 0.261427134083 0.261427134083 0.261427134083 3 0 0 2 0 0 1 0 0 1 1 1.0
3 s3 3 3 0.0755632501592 0.0755632501592 0.0755632501592 3 0 0 2 0 0.108482774168 1 0 0 1 1 0.891517225832
3 s3 4 4 0.0 0.0 0.0 3 0 0.151126500318 2 0 0 1 0 0 1 1 0.848873499682
4 s4 0 0 0.0398587632189 0.0398587632189 0.0398587632189 3 0 0 2 0 0 1 0 0 1 1 1.0
4 s4 1 1 0.0786304485576 0.0786304485576 0.0786304485576 3 0 0 2 0 0 1 0 0.107441680442 1 1 0.892558319558
4 s4 2 2 0.14475159758 0.14475159758 0.14475159758 3 0 0 2 0 0 1 0 0 1 1 1.0
4 s4 3 3 0.0 0.0 0.0 3 0 0 2 0 0 1 0 0 1 1 1.0
4 s4 4 4 0.0465018473652 0.0465018473652 0.0465018473652 3 0 0 2 0 0 1 0 0 1 1 1.0
5 s5 0 0 0.0 0.0 0.0 3 0 0 2 0 0 1 0 0 1 1 1.0
5 s5 1 1 0.0518605397367 0.0518605397367 0.0518605397367 3 0 0 2 0 0 1 0 0.374805814287 1 1 0.625194185713
5 s5 2 2 0.149122060583 0.149122060583 0.149122060583 3 0 0 2 0 0 1 0 0 1 1 1.0
5 s5 3 3 0.100510051459 0.100510051459 0.100510051459 3 0 0 2 0 0.0972240182471 1 0 0 1 1 0.902775981753
5 s5 4 4 0.0332522514043 0.0332522514043 0.0332522514043 3 0 0.201020102919 2 0 0 1 0 0 1 1 0.798979897081
6 s6 0 0 0.0840701770533 0.0840701770533 0.0840701770533 3 0 0 2 0 0 1 0 0 1 1 1.0
6 s6 1 1 0.0 0.0 0.0 3 0 0 2 0 0 1 0 0 1 1 1.0
6 s6 2 2 0.323873001378 0.323873001378 0.323873001378 3 0 0 2 0 0 1 0 0 1 1 1.0
6 s6 3 3 0.177454849056 0.177454849056 0.177454849056 3 0 0 2 0 0.124695950537 1 0 0 1 1 0.875304049463
6 s6 4 4 0.137772396158 0.137772396158 0.137772396158 3 0 0.228603409826 2 0 0 1 0 0 1 1 0.771396590174
7 s7 0 0 0.0855795709641 0.0855795709641 0.0855795709641 3 0 0 2 0 0 1 0 0 1 1 1.0
7 s7 1 1 0.0 0.0 0.0 3 0 0 2 0 0 1 0 0.0130600037481 1 1 0.986939996252
7 s7 2 2 0.337742821089 0.337742821089 0.337742821089 3 0 0 2 0 0 1 0 0 1 1 1.0
7 s7 3 3 0.0297030597321 0.0297030597321 0.0297030597321 3 0 0 2 0 0.175309460668 1 0 0 1 1 0.824690539332
7 s7 4 4 0.0 0.0 0.0 3 0 0.0594061194643 2 0 0 1 0 0 1 1 0.940593880536
8 s8 0 0 0.0 0.0 0.0 3 0 0 2 0 0 1 0 0 1 1 1.0
8 s8 1 1 0.0 0.0 0.0 3 0 0 2 0 0 1 0 0.117617090178 1 1 0.882382909822
8 s8 2 2 0.302726844962 0.302726844962 0.302726844962 3 0 0 2 0 0 1 0 0 1 1 1.0
8 s8 3 3 0.113510945772 0.113510945772 0.113510945772 3 0 0 2 0 0.37843179838 1 0 0 1 1 0.62156820162
8 s8 4 4 0.085123254269 0.085123254269 0.085123254269 3 0 0.0411341719625 2 0 0 1 0 0 1 1 0.958865828037
9 s9 0 0 0.0836747100121 0.0836747100121 0.0836747100121 3 0 0 2 0 0 1 0 0 1 1 1.0
9 s9 1 1 0.209911380461 0.209911380461 0.209911380461 3 0 0 2 0 0 1 0 0 1 1 1.0
9 s9 2 2 0.23488136039 0.23488136039 0.23488136039 3 0 0 2 0 0 1 0 0 1 1 1.0
9 s9 3 3 0.100914823573 0.100914823573 0.100914823573 3 0 0 2 0 0 1 0 0 1 1 1.0
9 s9 4 4 0.0 0.0 0.0 3 0 0.150893835967 2 0 0 1 0 0 1 1 0.849106164033
