10 #m
5 #n
0 s0 0 0 0.20255350743 0.251004016064 0.304318299385 2 0 0 1 0 0 1 1 0.740319014646 2 1 0.259680985354
0 s0 1 1 0.0697422323647 0.100371747212 0.138299038401 2 0 0 1 0 0.18834386425 1 1 0.81165613575 2 1 0
0 s0 2 2 0.307188034916 0.361829025845 0.419135348823 2 0 0 1 0 0 1 1 1.0 2 1 0
0 s0 3 3 0.0735933382722 0.10621242485 0.146585502997 2 0 0 1 0 0 1 1 1.0 2 1 0
0 s0 4 4 0.109324987314 0.148936170213 0.195857525221 2 0 0.28637505599 1 0 0 1 1 0.71362494401 2 1 0
1 s1 0 0 0.321961426898 0.377510040161 0.435444910972 2 0 0 1 0 0 1 1 0.676779230117 2 1 0.323220769883
1 s1 1 1 0.100380046267 0.137651821862 0.18210554157 2 0 0 1 0 0.27256261746 1 1 0.72743738254 2 1 0
1 s1 2 2 0.291568064536 0.345098039216 0.401575508378 2 0 0 1 0 0 1 1 1.0 2 1 0
1 s1 3 3 0.101639445204 0.139344262295 0.184285197399 2 0 0 1 0 0 1 1 1.0 2 1 0
1 s1 4 4 0.0731461351628 0.105577689243 0.145729428394 2 0 0.17345589697 1 0 0 1 1 0.82654410303 2 1 0
2 s2 0 0 0.411715859336 0.470347648262 0.529567419703 2 0 0 1 0 0 1 1 0.709880291934 2 1 0.290119708066
2 s2 1 1 0.106075812227 0.145299145299 0.191942636436 2 0 0 1 0 0.241052922542 1 1 0.758947077458 2 1 0
2 s2 2 2 0.306551941921 0.362139917695 0.420480917218 2 0 0 1 0 0 1 1 1.0 2 1 0
2 s2 3 3 0.057719976727 0.0873983739837 0.125343680027 2 0 0 1 0 0 1 1 0.965273470371 2 1 0.0347265296286
2 s2 4 4 0 0.0 0 2 0 0 1 0 0 1 1 1.0 2 1 0
3 s3 0 0 0.321783551209 0.376984126984 0.43455249023 2 0 0 1 0 0 1 1 0.545228496231 2 1 0.454771503769
3 s3 1 1 0.0165641708124 0.0338645418327 0.0604942277289 2 0 0 1 0 0.262829208654 1 1 0.737170791346 2 1 0
3 s3 2 2 0.253684560641 0.30583501006 0.361780207398 2 0 0 1 0 0 1 1 1.0 2 1 0
3 s3 3 3 0 0.0 0 2 0 0 1 0 0 1 1 1.0 2 1 0
3 s3 4 4 0.0369908642531 0.0617283950617 0.0954130829913 2 0 0.0899530070563 1 0 0 1 1 0.910046992944 2 1 0
4 s4 0 0 0.362513171819 0.421505376344 0.4821353668 2 0 0 1 0 0 1 1 0.460935968912 2 1 0.539064031088
4 s4 1 1 0 0.0 0 2 0 0 1 0 0.11788430089 1 1 0.88211569911 2 1 0
4 s4 2 2 0.270437037803 0.323353293413 0.379692925752 2 0 0 1 0 0 1 1 1.0 2 1 0
4 s4 3 3 0.202086206489 0.25 0.302700424358 2 0 0 1 0 0 1 1 0.92739576187 2 1 0.0726042381302
4 s4 4 4 0.0162291552181 0.0340425531915 0.0618291828699 2 0 0.0683644378059 1 0 0 1 1 0.931635562194 2 1 0
5 s5 0 0 0.0723406880954 0.10332103321 0.141488090377 2 0 0 1 0 0 1 1 0.901048182689 2 1 0.0989518173115
5 s5 1 1 0.0216407126435 0.0406976744186 0.068654249245 2 0 0 1 0 0.0868457381227 1 1 0.913154261877 2 1 0
5 s5 2 2 0.167151047208 0.213389121339 0.265470679808 2 0 0 1 0 0 1 1 1.0 2 1 0
5 s5 3 3 0.0114399388035 0.0264765784114 0.0512687009973 2 0 0 1 0 0 1 1 0.901048182689 2 1 0.0989518173115
5 s5 4 4 0.0532812358839 0.0826271186441 0.120703250788 2 0 0.142148978038 1 0 0 1 1 0.857851021962 2 1 0
6 s6 0 0 0.406685661274 0.461818181818 0.517623329276 2 0 0 1 0 0 1 1 0.591442679569 2 1 0.408557320431
6 s6 1 1 0.039067233575 0.0634615384615 0.0961714236552 2 0 0 1 0 0.35215753795 1 1 0.64784246205 2 1 0
6 s6 2 2 0.253866325413 0.305283757339 0.360401713246 2 0 0 1 0 0 1 1 1.0 2 1 0
6 s6 3 3 0.1207695919 0.16015625 0.206027381895 2 0 0 1 0 0 1 1 1.0 2 1 0
6 s6 4 4 0 0.0 0 2 0 0 1 0 0 1 1 1.0 2 1 0
7 s7 0 0 0.225388406797 0.276288659794 0.331673419229 2 0 0 1 0 0 1 1 0.786453753928 2 1 0.213546246072
7 s7 1 1 0.0156825594908 0.0320754716981 0.0573403801187 2 0 0 1 0 0.08358189696 1 1 0.91641810304 2 1 0
7 s7 2 2 0.392542103463 0.448669201521 0.505742156551 2 0 0 1 0 0 1 1 1.0 2 1 0
7 s7 3 3 0.069673659998 0.10183299389 0.141967019749 2 0 0 1 0 0 1 1 1.0 2 1 0
7 s7 4 4 0 0.0 0 2 0 0 1 0 0 1 1 1.0 2 1 0
8 s8 0 0 0.351235674913 0.407554671968 0.46565604533 2 0 0 1 0 0 1 1 0.634144658198 2 1 0.365855341802
8 s8 1 1 0 0.0 0 2 0 0 1 0 0 1 1 1.0 2 1 0
8 s8 2 2 0.334008356849 0.391213389121 0.450626692816 2 0 0 1 0 0 1 1 1.0 2 1 0
8 s8 3 3 0.116285956067 0.155206286837 0.2007471736 2 0 0 1 0 0 1 1 0.747288887011 2 1 0.252711112989
8 s8 4 4 0.00244685340031 0.0113122171946 0.0316830948416 2 0 0.0251785431094 1 0 0 1 1 0.974821456891 2 1 0
9 s9 0 0 0.223145217424 0.272373540856 0.325905889722 2 0 0 1 0 0 1 1 0.81525331875 2 1 0.18474668125
9 s9 1 1 0 0.0 0 2 0 0 1 0 0.110316716537 1 1 0.889683283463 2 1 0
9 s9 2 2 0.256723764731 0.31101511879 0.369272903322 2 0 0 1 0 0 1 1 1.0 2 1 0
9 s9 3 3 0.0391684190792 0.0647181628392 0.0992777597684 2 0 0 1 0 0 1 1 0.845750118201 2 1 0.154249881799
9 s9 4 4 0 0.0 0 2 0 0 1 0 0 1 1 1.0 2 1 0
