2 #m
5 #n
0 s0 0 0 0.104012670007 0.228070175439 0.399077243866 3 0 0 1 0 0 1 1 0.64851611108 2 1 0 3 3 0.35148388892
0 s0 1 1 0.160869258096 0.313725490196 0.502273515115 3 0 0 1 0 0 1 1 0.840681285756 2 1 0.159318714244 3 3 0
0 s0 2 2 0.068866543378 0.1875 0.370346434822 3 0 0 1 0 0.245274971113 1 1 0.754725028887 2 1 0 3 3 0
0 s0 3 3 0 0.0 0 3 0 0 1 0 0 1 1 1.0 2 1 0 3 3 0
0 s0 4 4 7.83178989861e-05 0.015625 0.110434844553 3 0 0 1 0 0 1 1 1.0 2 1 0 3 3 0
1 s1 0 0 0.110275140676 0.25 0.440775984582 3 0 0 1 0 0 1 1 0.630512397554 2 1 0 3 3 0.369487602446
1 s1 1 1 0.022685626431 0.102040816327 0.262816044011 3 0 0 1 0 0 1 1 1.0 2 1 0 3 3 0
1 s1 2 2 0.18138809033 0.368421052632 0.589008629104 3 0 0 1 0 0.178036479247 1 1 0.821963520753 2 1 0 3 3 0
1 s1 3 3 0.00186310715502 0.0357142857143 0.15521750089 3 0 0.0454177065606 1 0 0 1 1 0.954582293439 2 1 0 3 3 0
1 s1 4 4 0 0.0 0 3 0 0 1 0 0 1 1 1.0 2 1 0 3 3 0
