10 #m
5 #n
0 s0 0 0 0.00950084245505 0.0121568230169 0.015294192307 3 2 0 3 3 0.339872505042 2 1 0 2 2 0 1 0 0 1 1 0.660127494958
0 s0 1 1 0 0.0 0 3 2 0 3 3 0 2 1 0 2 2 0 1 0 0 1 1 1.0
0 s0 2 2 0.404996993482 0.41766868727 0.430418620602 3 2 0 3 3 0 2 1 0 2 2 0 1 0 0.583078620009 1 1 0.416921379991
0 s0 3 3 0.0736506652356 0.0805080508051 0.0877683854863 3 2 0 3 3 0 2 1 0 2 2 0 1 0 0 1 1 1.0
0 s0 4 4 0.028125540159 0.0325301204819 0.037387804806 3 2 0 3 3 0 2 1 0 2 2 0.0605138711321 1 0 0 1 1 0.939486128868
1 s1 0 0 0.0304798984471 0.0350912985821 0.0401603481289 3 2 0 3 3 0.141311195153 2 1 0 2 2 0 1 0 0 1 1 0.858688804847
1 s1 1 1 0 0.0 0 3 2 0 3 3 0 2 1 0 2 2 0 1 0 0 1 1 1.0
1 s1 2 2 0.292589222245 0.304334916865 0.316265867164 3 2 0.185302613963 3 3 0 2 1 0 2 2 0 1 0 0.457850487386 1 1 0.356846898652
1 s1 3 3 0.0847571830851 0.092039800995 0.0997120730985 3 2 0 3 3 0.0274349270441 2 1 0 2 2 0 1 0 0 1 1 0.972565072956
1 s1 4 4 0 0.0 0 3 2 0 3 3 0 2 1 0 2 2 0 1 0 0 1 1 1.0
2 s2 0 0 0 0.0 0 3 2 0 3 3 0.331300214703 2 1 0 2 2 0 1 0 0 1 1 0.668699785297
2 s2 1 1 0.116842436476 0.125211169631 0.133936999907 3 2 0 3 3 0 2 1 0 2 2 0 1 0 0 1 1 1.0
2 s2 2 2 0.0154906367551 0.0188112867721 0.0225987850072 3 2 0.0954339799604 3 3 0 2 1 0 2 2 0 1 0 0.043205230387 1 1 0.861360789653
2 s2 3 3 0.245415932176 0.256584197925 0.267984845578 3 2 0 3 3 0.27225081745 2 1 0 2 2 0 1 0 0 1 1 0.72774918255
2 s2 4 4 0.023972906075 0.0280627640314 0.0326113827207 3 2 0 3 3 0 2 1 0 2 2 0.0590493972524 1 0 0 1 1 0.940950602748
3 s3 0 0 0 0.0 0 3 2 0 3 3 0.125171093304 2 1 0 2 2 0 1 0 0 1 1 0.874828906696
3 s3 1 1 0.0952813688165 0.10301558389 0.111135271607 3 2 0 3 3 0 2 1 0 2 2 0 1 0 0 1 1 1.0
3 s3 2 2 0.185615763902 0.19576134994 0.206199552108 3 2 0.218177748624 3 3 0 2 1 0 2 2 0 1 0 0.390481269471 1 1 0.391340981905
3 s3 3 3 0 0.0 0 3 2 0 3 3 0 2 1 0 2 2 0 1 0 0 1 1 1.0
3 s3 4 4 0 0.0 0 3 2 0 3 3 0 2 1 0 2 2 0.125171093304 1 0 0 1 1 0.874828906696
4 s4 0 0 0 0.0 0 3 2 0 3 3 0.563036606209 2 1 0 2 2 0 1 0 0 1 1 0.436963393791
4 s4 1 1 0.0248032580683 0.0289664917239 0.0335890816466 3 2 0 3 3 0 2 1 0 2 2 0 1 0 0 1 1 1.0
4 s4 2 2 0 0.0 0 3 2 0.195873597377 3 3 0 2 1 0 2 2 0 1 0 0 1 1 0.804126402623
4 s4 3 3 0.233849293142 0.244956185042 0.256311808407 3 2 0 3 3 0.234999522975 2 1 0 2 2 0 1 0 0 1 1 0.765000477025
4 s4 4 4 0.0267436566922 0.0310546481145 0.0358222625763 3 2 0 3 3 0 2 1 0 2 2 0.0642847910714 1 0 0 1 1 0.935715208929
5 s5 0 0 0 0.0 0 3 2 0 3 3 0.410619120119 2 1 0 2 2 0 1 0 0 1 1 0.589380879881
5 s5 1 1 0.106132033546 0.114282791078 0.122812088977 3 2 0 3 3 0 2 1 0 2 2 0 1 0 0 1 1 1.0
5 s5 2 2 0.19311712052 0.203415369161 0.213998873806 3 2 0 3 3 0 2 1 0 2 2 0 1 0 0.338064167467 1 1 0.661935832533
5 s5 3 3 0.0246330168174 0.0287441768262 0.033306630112 3 2 0 3 3 0 2 1 0 2 2 0 1 0 0 1 1 1.0
5 s5 4 4 0.0430742068762 0.0484046231354 0.0541645812536 3 2 0 3 3 0 2 1 0.233046551152 2 2 0.122856711989 1 0 0 1 1 0.64409673686
6 s6 0 0 0.00232419495285 0.0037029623699 0.00557399704804 3 2 0 3 3 0.768518875316 2 1 0 2 2 0 1 0 0 1 1 0.231481124684
6 s6 1 1 0 0.0 0 3 2 0 3 3 0 2 1 0 2 2 0 1 0 0 1 1 1.0
6 s6 2 2 0.00423216966024 0.00605143721634 0.00836041053328 3 2 0.0134697437183 3 3 0 2 1 0 2 2 0 1 0 0 1 1 0.986530256282
6 s6 3 3 0.172043711513 0.181872689118 0.192006134801 3 2 0 3 3 0.0114464179345 2 1 0 2 2 0 1 0 0 1 1 0.988553582065
6 s6 4 4 0.141180954501 0.150212471588 0.159575220068 3 2 0 3 3 0 2 1 0 2 2 0.442467743073 1 0 0 1 1 0.557532256927
7 s7 0 0 0 0.0 0 3 2 0 3 3 0.603257286963 2 1 0 2 2 0 1 0 0 1 1 0.396742713037
7 s7 1 1 0.00595957980701 0.00807818889 0.0106769758793 3 2 0 3 3 0 2 1 0 2 2 0 1 0 0 1 1 1.0
7 s7 2 2 0 0.0 0 3 2 0.328046834157 3 3 0 2 1 0 2 2 0 1 0 0 1 1 0.671953165843
7 s7 3 3 0.2352750765 0.2463 0.257567726501 3 2 0 3 3 0.252868909531 2 1 0 2 2 0 1 0 0 1 1 0.747131090469
7 s7 4 4 0.0821703208383 0.0894308943089 0.0970920671159 3 2 0 3 3 0 2 1 0.11610735591 2 2 0.234281021522 1 0 0 1 1 0.649611622568
8 s8 0 0 0.0495769379424 0.0552848762056 0.0614182915425 3 2 0 3 3 0.20836197874 2 1 0 2 2 0 1 0 0 1 1 0.79163802126
8 s8 1 1 0.149290040711 0.15859030837 0.168218076007 3 2 0 3 3 0 2 1 0 2 2 0 1 0 0 1 1 1.0
8 s8 2 2 0.0429176737824 0.0482648583965 0.0540458192442 3 2 0.137149602517 3 3 0 2 1 0 2 2 0 1 0 0 1 1 0.862850397483
8 s8 3 3 0 0.0 0 3 2 0 3 3 0 2 1 0 2 2 0 1 0 0 1 1 1.0
8 s8 4 4 0 0.0 0 3 2 0 3 3 0 2 1 0 2 2 0.20836197874 1 0 0 1 1 0.79163802126
9 s9 0 0 0 0.0 0 3 2 0 3 3 0.630114037879 2 1 0 2 2 0 1 0 0 1 1 0.369885962121
9 s9 1 1 0 0.0 0 3 2 0 3 3 0 2 1 0 2 2 0 1 0 0 1 1 1.0
9 s9 2 2 0.0564321099549 0.0624875819591 0.068960998822 3 2 0.109048050324 3 3 0 2 1 0 2 2 0 1 0 0.043787666123 1 1 0.847164283553
9 s9 3 3 0.0656611148185 0.0721992538066 0.0791519414643 3 2 0 3 3 0 2 1 0 2 2 0 1 0 0 1 1 1.0
9 s9 4 4 0 0.0 0 3 2 0 3 3 0 2 1 0.347123333962 2 2 0 1 0 0 1 1 0.652876666038
