2 #m
5 #n
0 s0 0 0 0.211522330129 0.245562130178 0.28202986749 3 0 0.298527579022 1 0 0 3 2 0 1 1 0.701472420978 2 1 0
0 s0 1 1 0.00991404578171 0.0194472876151 0.0339174183405 3 0 0 1 0 0 3 2 0 1 1 1.0 2 1 0
0 s0 2 2 0.252788505173 0.288801571709 0.326820137068 3 0 0 1 0 0 3 2 0 1 1 0.70565563997 2 1 0.29434436003
0 s0 3 3 0.0800856877297 0.103112840467 0.129903350537 3 0 0 1 0 0 3 2 0 1 1 1.0 2 1 0
0 s0 4 4 0 0.0 0 3 0 0 1 0 0 3 2 0 1 1 1.0 2 1 0
1 s1 0 0 0.289569731269 0.32760364004 0.367321887902 3 0 0.371882564072 1 0 0.0184811962734 3 2 0 1 1 0.609636239655 2 1 0
1 s1 1 1 0 0.0 0 3 0 0 1 0 0 3 2 0 1 1 1.0 2 1 0
1 s1 2 2 0.263055347469 0.299899699097 0.338684080254 3 0 0 1 0 0 3 2 0 1 1 0.645831870231 2 1 0.354168129769
1 s1 3 3 0.00601643866188 0.0134744947064 0.0256692633712 3 0 0 1 0 0 3 2 0 1 1 1.0 2 1 0
1 s1 4 4 0.0432068406455 0.0612870275792 0.0837672991393 3 0 0 1 0 0 3 2 0.141504022333 1 1 0.858495977667 2 1 0
