10 #m
5 #n
0 s0 0 0 0.130988762083 0.305555555556 0.53252458734 3 0 0 1 0 0 1 1 0.661999847888 2 1 0 3 3 0.338000152112
0 s0 1 1 0.0562334079886 0.166666666667 0.345789366502 3 0 0 1 0 0 1 1 1.0 2 1 0 3 3 0
0 s0 2 2 0.0266077119361 0.119047619048 0.301791507656 3 0 0 1 0 0.125655268794 1 1 0.874344731206 2 1 0 3 3 0
0 s0 3 3 0 0.0 0 3 0 0 1 0 0 1 1 1.0 2 1 0 3 3 0
0 s0 4 4 0.00647717378241 0.0566037735849 0.192098847943 3 0 0 1 0 0 1 1 1.0 2 1 0 3 3 0
1 s1 0 0 0.187622381485 0.346153846154 0.533564682311 3 0 0 1 0 0 1 1 0.223826074144 2 1 0 3 3 0.776173925856
1 s1 1 1 0 0.0 0 3 0 0 1 0 0 1 1 1.0 2 1 0 3 3 0
1 s1 2 2 0.214897986614 0.391304347826 0.590696155531 3 0 0 1 0 0.18030362149 1 1 0.81969637851 2 1 0 3 3 0
1 s1 3 3 0.0134920177515 0.078431372549 0.22690595317 3 0 0.486822206848 1 0 0 1 1 0.513177793152 2 1 0 3 3 0
1 s1 4 4 0 0.0 0 3 0 0 1 0 0 1 1 1.0 2 1 0 3 3 0
2 s2 0 0 0.0879739597545 0.222222222222 0.417055452139 3 0 0 1 0 0 1 1 0.328819071463 2 1 0 3 3 0.671180928537
2 s2 1 1 8.9505669549e-05 0.0178571428571 0.125318183185 3 0 0 1 0 0 1 1 0.959705591217 2 1 0.0402944087825 3 3 0
2 s2 2 2 0.064598524101 0.176470588235 0.351053721038 3 0 0 1 0 0.520934125084 1 1 0.479065874916 2 1 0 3 3 0
2 s2 3 3 0 0.0 0 3 0 0.0219678926257 1 0 0 1 1 0.978032107374 2 1 0 3 3 0
2 s2 4 4 0 0.0 0 3 0 0 1 0 0 1 1 1.0 2 1 0 3 3 0
3 s3 0 0 0.0416007748062 0.137254901961 0.303670348123 3 0 0 1 0 0 1 1 0.767826201346 2 1 0 3 3 0.232173798654
3 s3 1 1 0.00261690221328 0.05 0.211767833426 3 0 0 1 0 0 1 1 1.0 2 1 0 3 3 0
3 s3 2 2 0.100421390424 0.239130434783 0.433435980757 3 0 0 1 0 0.0913846092199 1 1 0.90861539078 2 1 0 3 3 0
3 s3 3 3 0 0.0 0 3 0 0.111268414601 1 0 0 1 1 0.888731585399 2 1 0 3 3 0
3 s3 4 4 0 0.0 0 3 0 0 1 0 0 1 1 1.0 2 1 0 3 3 0
4 s4 0 0 0.14912089722 0.3 0.489983180319 3 0 0 1 0 0 1 1 0.717088035164 2 1 0 3 3 0.282911964836
4 s4 1 1 0.0704176235311 0.191489361702 0.377250081763 3 0 0 1 0 0 1 1 1.0 2 1 0 3 3 0
4 s4 2 2 0.00237651918378 0.0454545454545 0.194102476546 3 0 0 1 0 0.205722287149 1 1 0.794277712851 2 1 0 3 3 0
4 s4 3 3 0 0.0 0 3 0 0.0771896776867 1 0 0 1 1 0.922810322313 2 1 0 3 3 0
4 s4 4 4 0.0153399444069 0.0888888888889 0.254259677648 3 0 0 1 0 0 1 1 1.0 2 1 0 3 3 0
5 s5 0 0 0.015698314656 0.0909090909091 0.259468680478 3 0 0 1 0 0 1 1 0.691043999038 2 1 0 3 3 0.308956000962
5 s5 1 1 0.000113914916284 0.0227272727273 0.157049302454 3 0 0 1 0 0 1 1 1.0 2 1 0 3 3 0
5 s5 2 2 9.4571788628e-05 0.0188679245283 0.131987004421 3 0 0 1 0 0.165862153525 1 1 0.834137846475 2 1 0 3 3 0
5 s5 3 3 0 0.0 0 3 0 0.0627852522614 1 0 0 1 1 0.937214747739 2 1 0 3 3 0
5 s5 4 4 0.207527259343 0.372549019608 0.561935863835 3 0 0 1 0 0 1 1 1.0 2 1 0 3 3 0
6 s6 0 0 0.14912089722 0.3 0.489983180319 3 0 0 1 0 0 1 1 0.61366973789 2 1 0 3 3 0.38633026211
6 s6 1 1 0.011051483743 0.0645161290323 0.18948254457 3 0 0 1 0 0 1 1 0.861770303713 2 1 0.138229696287 3 3 0
6 s6 2 2 0.0063553204665 0.0555555555556 0.188804715184 3 0 0 1 0 0.0724246081897 1 1 0.92757539181 2 1 0 3 3 0
6 s6 3 3 0 0.0 0 3 0 0 1 0 0 1 1 1.0 2 1 0 3 3 0
6 s6 4 4 0.0372771221537 0.139534883721 0.324935572368 3 0 0 1 0 0 1 1 1.0 2 1 0 3 3 0
7 s7 0 0 0.152559597696 0.325 0.539967574892 3 0 0 1 0 0 1 1 0.62429718419 2 1 0 3 3 0.37570281581
7 s7 1 1 0.183740762229 0.339622641509 0.525057124245 3 0 0 1 0 0 1 1 0.81501886864 2 1 0.18498113136 3 3 0
7 s7 2 2 0.0697705946294 0.178571428571 0.344153910725 3 0 0 1 0 0.077925693428 1 1 0.922074306572 2 1 0 3 3 0
7 s7 3 3 0 0.0 0 3 0 0.0406208448018 1 0 0 1 1 0.959379155198 2 1 0 3 3 0
7 s7 4 4 0 0.0 0 3 0 0 1 0 0 1 1 1.0 2 1 0 3 3 0
8 s8 0 0 0.108429008174 0.229508196721 0.394246000436 3 0 0 1 0 0 1 1 0.789024344628 2 1 0 3 3 0.210975655372
8 s8 1 1 0.0353386411926 0.15625 0.382514234274 3 0 0 1 0 0 1 1 0.932242227315 2 1 0.0677577726848 3 3 0
8 s8 2 2 0.00601580257255 0.0526315789474 0.179565119982 3 0 0 1 0 0.0209054385531 1 1 0.979094561447 2 1 0 3 3 0
8 s8 3 3 0 0.0 0 3 0 0.190070216819 1 0 0 1 1 0.809929783181 2 1 0 3 3 0
8 s8 4 4 0.0485475429003 0.159090909091 0.34625087636 3 0 0 1 0 0 1 1 1.0 2 1 0 3 3 0
9 s9 0 0 0.063775854122 0.16393442623 0.318740235142 3 0 0 1 0 0 1 1 0.78811930867 2 1 0 3 3 0.21188069133
9 s9 1 1 0.0972041659671 0.243902439024 0.451669248014 3 0 0 1 0 0 1 1 0.802160522726 2 1 0.197839477274 3 3 0
9 s9 2 2 0.0951245605429 0.209677419355 0.370424475527 3 0 0 1 0 0 1 1 1.0 2 1 0 3 3 0
9 s9 3 3 0 0.0 0 3 0 0.0244522747313 1 0 0 1 1 0.975547725269 2 1 0 3 3 0
9 s9 4 4 0.0242153038247 0.108695652174 0.278224991042 3 0 0 1 0 0 1 1 1.0 2 1 0 3 3 0
