5 #m
5 #n
0 s0 0 0 0.193356252397 0.203649854607 0.214227970464 3 0 0 1 0 0 1 1 0.661999847888 2 1 0 3 3 0.338000152112
0 s0 1 1 0.134531622174 0.143410852713 0.152629723379 3 0 0 1 0 0 1 1 1.0 2 1 0 3 3 0
0 s0 2 2 0.149840676897 0.159111199286 0.168705692026 3 0 0 1 0 0.125655268794 1 1 0.874344731206 2 1 0 3 3 0
0 s0 3 3 0 0.0 0 3 0 0 1 0 0 1 1 1.0 2 1 0 3 3 0
0 s0 4 4 0.0530674042765 0.058989046327 0.0653369948053 3 0 0 1 0 0 1 1 1.0 2 1 0 3 3 0
1 s1 0 0 0.294564884807 0.30645650197 0.318535207012 3 0 0 1 0 0 1 1 0.223826074144 2 1 0 3 3 0.776173925856
1 s1 1 1 0.0215508136409 0.0254144743373 0.0297337721439 3 0 0 1 0 0 1 1 1.0 2 1 0 3 3 0
1 s1 2 2 0.358187600922 0.370576540755 0.383088522606 3 0 0 1 0 0.18030362149 1 1 0.81969637851 2 1 0 3 3 0
1 s1 3 3 0.0418285987826 0.0471272435576 0.052863229557 3 0 0.486822206848 1 0 0 1 1 0.513177793152 2 1 0 3 3 0
1 s1 4 4 0 0.0 0 3 0 0 1 0 0 1 1 1.0 2 1 0 3 3 0
2 s2 0 0 0.278321410161 0.289809848854 0.301494373445 3 0 0 1 0 0 1 1 0.328819071463 2 1 0 3 3 0.671180928537
2 s2 1 1 0.0755986901738 0.0825204061318 0.0898412106141 3 0 0 1 0 0 1 1 0.959705591217 2 1 0.0402944087825 3 3 0
2 s2 2 2 0.0925388615252 0.100182518759 0.108215232219 3 0 0 1 0 0.520934125084 1 1 0.479065874916 2 1 0 3 3 0
2 s2 3 3 0 0.0 0 3 0 0.0219678926257 1 0 0 1 1 0.978032107374 2 1 0 3 3 0
2 s2 4 4 0 0.0 0 3 0 0 1 0 0 1 1 1.0 2 1 0 3 3 0
3 s3 0 0 0.146364912437 0.15553576729 0.165033167259 3 0 0 1 0 0 1 1 0.767826201346 2 1 0 3 3 0.232173798654
3 s3 1 1 0.0545215423709 0.0605236656596 0.0669514587102 3 0 0 1 0 0 1 1 1.0 2 1 0 3 3 0
3 s3 2 2 0.332336642667 0.344531950952 0.356875503322 3 0 0 1 0 0.0913846092199 1 1 0.90861539078 2 1 0 3 3 0
3 s3 3 3 0.00971491647038 0.0123529411765 0.0154563889751 3 0 0.111268414601 1 0 0 1 1 0.888731585399 2 1 0 3 3 0
3 s3 4 4 0 0.0 0 3 0 0 1 0 0 1 1 1.0 2 1 0 3 3 0
4 s4 0 0 0.17375461492 0.18361440974 0.193776573663 3 0 0 1 0 0 1 1 0.717088035164 2 1 0 3 3 0.282911964836
4 s4 1 1 0.0874508690248 0.094839609484 0.102615747735 3 0 0 1 0 0 1 1 1.0 2 1 0 3 3 0
4 s4 2 2 0.0577193646504 0.063876873554 0.0704562195541 3 0 0 1 0 0.205722287149 1 1 0.794277712851 2 1 0 3 3 0
4 s4 3 3 0 0.0 0 3 0 0.0771896776867 1 0 0 1 1 0.922810322313 2 1 0 3 3 0
4 s4 4 4 0.0283159487618 0.032742292968 0.0376230770942 3 0 0 1 0 0 1 1 1.0 2 1 0 3 3 0
