5 #m
5 #n
0 s0 0 0 0.23307882547 0.268244575937 0.305620658274 3 0 0.298527579022 1 0 0 3 2 0 1 1 0.701472420978 2 1 0
0 s0 1 1 0.00977339144086 0.0191725529768 0.0334417633108 3 0 0 1 0 0 3 2 0 1 1 1.0 2 1 0
0 s0 2 2 0.272638386274 0.310204081633 0.349641723935 3 0 0 1 0 0 3 2 0 1 1 0.70565563997 2 1 0.29434436003
0 s0 3 3 0.0887079028652 0.113381001021 0.141901515363 3 0 0 1 0 0 3 2 0 1 1 1.0 2 1 0
0 s0 4 4 0 0.0 0 3 0 0 1 0 0 3 2 0 1 1 1.0 2 1 0
1 s1 0 0 0.275302826187 0.312625250501 0.351762127555 3 0 0.371882564072 1 0 0.0184811962734 3 2 0 1 1 0.609636239655 2 1 0
1 s1 1 1 0 0.0 0 3 0 0 1 0 0 3 2 0 1 1 1.0 2 1 0
1 s1 2 2 0.247231293842 0.283417085427 0.321707576921 3 0 0 1 0 0 3 2 0 1 1 0.645831870231 2 1 0.354168129769
1 s1 3 3 0.00850481913861 0.017453798768 0.0313888422094 3 0 0 1 0 0 3 2 0 1 1 1.0 2 1 0
1 s1 4 4 0.0372978024136 0.0538687561214 0.0747359729729 3 0 0 1 0 0 3 2 0.141504022333 1 1 0.858495977667 2 1 0
2 s2 0 0 0.0386795526134 0.0562632696391 0.0784807445176 3 0 0.0549990885998 1 0 0 3 2 0 1 1 0.9450009114 2 1 0
2 s2 1 1 0.0319528114067 0.0479666319082 0.0686278752401 3 0 0 1 0 0 3 2 0 1 1 1.0 2 1 0
2 s2 2 2 0.284232405988 0.321533923304 0.360530913832 3 0 0 1 0 0 3 2 0 1 1 0.812847692197 2 1 0.187152307803
2 s2 3 3 0.111141635806 0.137180700095 0.166555057281 3 0 0 1 0 0 3 2 0 1 1 1.0 2 1 0
2 s2 4 4 0 0.0 0 3 0 0 1 0 0 3 2 0 1 1 1.0 2 1 0
3 s3 0 0 0 0.0 0 3 0 0 1 0 0.446866890434 3 2 0 1 1 0.553133109566 2 1 0
3 s3 1 1 0.0139957404692 0.0248756218905 0.0404714515939 3 0 0 1 0 0 3 2 0 1 1 1.0 2 1 0
3 s3 2 2 0.088521026504 0.11263467189 0.140443282063 3 0 0 1 0 0 3 2 0 1 1 0.920359306524 2 1 0.0796406934761
3 s3 3 3 0.121651504172 0.149402390438 0.180545251878 3 0 0 1 0 0 3 2 0 1 1 1.0 2 1 0
3 s3 4 4 0 0.0 0 3 0 0 1 0 0 3 2 0 1 1 1.0 2 1 0
4 s4 0 0 0 0.0 0 3 0 0 1 0 0.0100597789205 3 2 0 1 1 0.989940221079 2 1 0
4 s4 1 1 0.0932526198298 0.11759082218 0.145487081256 3 0 0 1 0 0 3 2 0 1 1 1.0 2 1 0
4 s4 2 2 0.12487569182 0.154094827586 0.186936121866 3 0 0 1 0 0 3 2 0 1 1 0.950631078978 2 1 0.0493689210224
4 s4 3 3 0.107841186215 0.134122287968 0.163911510342 3 0 0 1 0 0 3 2 0 1 1 1.0 2 1 0
4 s4 4 4 0.0444038296582 0.0631691648822 0.0865276697616 3 0 0 1 0 0 3 2 0.116029329758 1 1 0.883970670242 2 1 0
