10 #m
5 #n
0 s0 0 0 0.144823267836 0.154048051686 0.163607478089 3 2 0 3 3 0 3 0 0 2 1 0 2 0 0 1 1 1.0
0 s0 1 1 0.0914256220336 0.0988637467223 0.106675673108 3 2 0 3 3 0.461069162695 3 0 0 2 1 0 2 0 0 1 1 0.538930837305
0 s0 2 2 0 0.0 0 3 2 0 3 3 0 3 0 0 2 1 0 2 0 0.0244567850905 1 1 0.97554321491
0 s0 3 3 0.0235336206148 0.0275903735777 0.0321069180855 3 2 0 3 3 0 3 0 0 2 1 0 2 0 0 1 1 1.0
0 s0 4 4 0 0.0 0 3 2 0 3 3 0 3 0 0 2 1 0 2 0 0 1 1 1.0
1 s1 0 0 0 0.0 0 3 2 0 3 3 0 3 0 0 2 1 0 2 0 0 1 1 1.0
1 s1 1 1 0 0.0 0 3 2 0 3 3 0.331089538664 3 0 0.0985317354639 2 1 0 2 0 0 1 1 0.570378725872
1 s1 2 2 0.213284605243 0.22389837237 0.234774437132 3 2 0 3 3 0 3 0 0 2 1 0 2 0 0.107646726871 1 1 0.892353273129
1 s1 3 3 0.0425638074575 0.0479162472317 0.0537069481655 3 2 0 3 3 0 3 0 0 2 1 0 2 0 0 1 1 1.0
1 s1 4 4 0.0285324557254 0.0329397757714 0.0377943816099 3 2 0 3 3 0 3 0 0 2 1 0.0683129566096 2 0 0 1 1 0.93168704339
2 s2 0 0 0 0.0 0 3 2 0 3 3 0 3 0 0 2 1 0 2 0 0 1 1 1.0
2 s2 1 1 0.0218410929041 0.0257222002374 0.0300570174759 3 2 0 3 3 0.254574802976 3 0 0.426422877995 2 1 0 2 0 0 1 1 0.319002319029
2 s2 2 2 0 0.0 0 3 2 0 3 3 0 3 0 0 2 1 0 2 0 0 1 1 1.0
2 s2 3 3 0.247050461777 0.258325741472 0.26983513336 3 2 0 3 3 0 3 0 0 2 1 0 2 0 0 1 1 1.0
2 s2 4 4 0.0362905787743 0.0412526347486 0.0466585080429 3 2 0 3 3 0 3 0 0 2 1 0.243792474915 2 0 0 1 1 0.756207525085
3 s3 0 0 0.0431309071384 0.0484800317902 0.0542610688053 3 2 0 3 3 0 3 0 0 2 1 0 2 0 0 1 1 1.0
3 s3 1 1 0 0.0 0 3 2 0 3 3 0.150799075109 3 0 0.182005179237 2 1 0 2 0 0 1 1 0.667195745654
3 s3 2 2 0.0218926130977 0.0258254000405 0.0302226187676 3 2 0 3 3 0 3 0 0 2 1 0 2 0 0.120194803788 1 1 0.879805196212
3 s3 3 3 0.0837458542644 0.0910468876314 0.098744646226 3 2 0 3 3 0 3 0 0 2 1 0 2 0 0 1 1 1.0
3 s3 4 4 0 0.0 0 3 2 0 3 3 0 3 0 0 2 1 0 2 0 0 1 1 1.0
4 s4 0 0 0.313100853536 0.325061789422 0.33718815942 3 2 0 3 3 0 3 0 0 2 1 0.211559465647 2 0 0 1 1 0.788440534353
4 s4 1 1 0.00545974292526 0.00747957878162 0.0099742490146 3 2 0 3 3 0.538747630153 3 0 0.0276815922554 2 1 0 2 0 0 1 1 0.433570777591
4 s4 2 2 0 0.0 0 3 2 0 3 3 0 3 0 0 2 1 0 2 0 0 1 1 1.0
4 s4 3 3 0.0113588213815 0.0142189519737 0.017548682002 3 2 0 3 3 0 3 0 0 2 1 0 2 0 0 1 1 1.0
4 s4 4 4 0.00732334653215 0.00965270176137 0.0124585414999 3 2 0 3 3 0 3 0 0 2 1 0.0187250188552 2 0 0 1 1 0.981274981145
5 s5 0 0 0.0385340258989 0.0436352693349 0.0491776055678 3 2 0 3 3 0 3 0 0 2 1 0.051175879643 2 0 0 1 1 0.948824120357
5 s5 1 1 0.0264627576293 0.0307368842611 0.0354647515222 3 2 0 3 3 0.788183927388 3 0 0 2 1 0 2 0 0 1 1 0.211816072612
5 s5 2 2 0 0.0 0 3 2 0 3 3 0 3 0 0 2 1 0 2 0 0 1 1 1.0
5 s5 3 3 0 0.0 0 3 2 0 3 3 0 3 0 0 2 1 0 2 0 0 1 1 1.0
5 s5 4 4 0.0705858366776 0.077350859454 0.0845264324166 3 2 0 3 3 0 3 0 0 2 1 0.705961857693 2 0 0 1 1 0.294038142307
6 s6 0 0 0.0217957928891 0.025702811245 0.0300703561007 3 2 0 3 3 0 3 0 0 2 1 0 2 0 0 1 1 1.0
6 s6 1 1 0.00870559088962 0.0112292556892 0.0142263470225 3 2 0 3 3 0.715828548974 3 0 0 2 1 0 2 0 0 1 1 0.284171451026
6 s6 2 2 0 0.0 0 3 2 0 3 3 0 3 0 0 2 1 0 2 0 0 1 1 1.0
6 s6 3 3 0 0.0 0 3 2 0 3 3 0 3 0 0 2 1 0 2 0 0 1 1 1.0
6 s6 4 4 0 0.0 0 3 2 0.144060534198 3 3 0 3 0 0 2 1 0.507455707977 2 0 0 1 1 0.348483757824
7 s7 0 0 0.192963800173 0.203143418468 0.213602225569 3 2 0 3 3 0 3 0 0 2 1 0.23093692888 2 0 0 1 1 0.76906307112
7 s7 1 1 0.0159406473685 0.0193158953722 0.0231599459625 3 2 0 3 3 0.697272353183 3 0 0 2 1 0 2 0 0 1 1 0.302727646817
7 s7 2 2 0 0.0 0 3 2 0 3 3 0 3 0 0 2 1 0 2 0 0.138366361383 1 1 0.861633638617
7 s7 3 3 0.00447049430682 0.00633293124246 0.00868281123783 3 2 0 3 3 0 3 0 0 2 1 0 2 0 0 1 1 1.0
7 s7 4 4 0 0.0 0 3 2 0.466335424303 3 3 0 3 0 0 2 1 0 2 0 0 1 1 0.533664575697
8 s8 0 0 0.0508347948415 0.0565944394974 0.0627761459114 3 2 0 3 3 0 3 0 0 2 1 0.0478961438968 2 0 0 1 1 0.952103856103
8 s8 1 1 0 0.0 0 3 2 0 3 3 0.485262405113 3 0 0 2 1 0 2 0 0 1 1 0.514737594887
8 s8 2 2 0 0.0 0 3 2 0 3 3 0 3 0 0 2 1 0 2 0 0.0806301213514 1 1 0.919369878649
8 s8 3 3 0 0.0 0 3 2 0 3 3 0 3 0 0 2 1 0 2 0 0 1 1 1.0
8 s8 4 4 0.138567140103 0.147513540128 0.15679255823 3 2 0 3 3 0 3 0 0 2 1 0.411330542991 2 0 0 1 1 0.588669457009
9 s9 0 0 0 0.0 0 3 2 0 3 3 0 3 0 0 2 1 0 2 0 0 1 1 1.0
9 s9 1 1 0.044187891394 0.0496107007387 0.055466360389 3 2 0 3 3 0.554244432209 3 0 0 2 1 0 2 0 0 1 1 0.445755567791
9 s9 2 2 0 0.0 0 3 2 0 3 3 0 3 0 0 2 1 0 2 0 0.116914126814 1 1 0.883085873186
9 s9 3 3 0.0907468072205 0.0982705188443 0.106179643157 3 2 0 3 3 0 3 0 0 2 1 0 2 0 0 1 1 1.0
9 s9 4 4 0 0.0 0 3 2 0.0194494242715 3 3 0 3 0 0 2 1 0.0850502373639 2 0 0 1 1 0.895500338365
