10 #m
5 #n
0 s0 0 0 0.142473872086 0.187224669604 0.238701933136 3 0 0 1 0 0 1 1 0.661999847888 2 1 0 3 3 0.338000152112
0 s0 1 1 0.117374331139 0.157894736842 0.205457878461 3 0 0 1 0 0 1 1 1.0 2 1 0 3 3 0
0 s0 2 2 0.138036218399 0.177737881508 0.223080543202 3 0 0 1 0 0.125655268794 1 1 0.874344731206 2 1 0 3 3 0
0 s0 3 3 0 0.0 0 3 0 0 1 0 0 1 1 1.0 2 1 0 3 3 0
0 s0 4 4 0.0401613722693 0.0652173913043 0.0987840265699 3 0 0 1 0 0 1 1 1.0 2 1 0 3 3 0
1 s1 0 0 0.240012238076 0.292275574113 0.348753747749 3 0 0 1 0 0 1 1 0.223826074144 2 1 0 3 3 0.776173925856
1 s1 1 1 0.0131445144459 0.0284090909091 0.0526770874989 3 0 0 1 0 0 1 1 1.0 2 1 0 3 3 0
1 s1 2 2 0.3345950838 0.391038696538 0.449635163419 3 0 0 1 0 0.18030362149 1 1 0.81969637851 2 1 0 3 3 0
1 s1 3 3 0.0295509833977 0.0515873015873 0.082477336929 3 0 0.486822206848 1 0 0 1 1 0.513177793152 2 1 0 3 3 0
1 s1 4 4 0 0.0 0 3 0 0 1 0 0 1 1 1.0 2 1 0 3 3 0
2 s2 0 0 0.26310370769 0.315068493151 0.370547127826 3 0 0 1 0 0 1 1 0.328819071463 2 1 0 3 3 0.671180928537
2 s2 1 1 0.0558217249962 0.0841300191205 0.120275083715 3 0 0 1 0 0 1 1 0.959705591217 2 1 0.0402944087825 3 3 0
2 s2 2 2 0.0811029886297 0.114851485149 0.156084109613 3 0 0 1 0 0.520934125084 1 1 0.479065874916 2 1 0 3 3 0
2 s2 3 3 0 0.0 0 3 0 0.0219678926257 1 0 0 1 1 0.978032107374 2 1 0 3 3 0
2 s2 4 4 0 0.0 0 3 0 0 1 0 0 1 1 1.0 2 1 0 3 3 0
3 s3 0 0 0.129837756619 0.172866520788 0.222890255581 3 0 0 1 0 0 1 1 0.767826201346 2 1 0 3 3 0.232173798654
3 s3 1 1 0.0469325565279 0.0738522954092 0.109179051029 3 0 0 1 0 0 1 1 1.0 2 1 0 3 3 0
3 s3 2 2 0.317136943279 0.371595330739 0.428476966362 3 0 0 1 0 0.0913846092199 1 1 0.90861539078 2 1 0 3 3 0
3 s3 3 3 0.00143072996037 0.00849256900212 0.0264961002238 3 0 0.111268414601 1 0 0 1 1 0.888731585399 2 1 0 3 3 0
3 s3 4 4 0 0.0 0 3 0 0 1 0 0 1 1 1.0 2 1 0 3 3 0
4 s4 0 0 0.133713452016 0.175983436853 0.224803843202 3 0 0 1 0 0 1 1 0.717088035164 2 1 0 3 3 0.282911964836
4 s4 1 1 0.0524445461123 0.0803921568627 0.116457580971 3 0 0 1 0 0 1 1 1.0 2 1 0 3 3 0
4 s4 2 2 0.0251235006554 0.0464135021097 0.0772584361179 3 0 0 1 0 0.205722287149 1 1 0.794277712851 2 1 0 3 3 0
4 s4 3 3 0 0.0 0 3 0 0.0771896776867 1 0 0 1 1 0.922810322313 2 1 0 3 3 0
4 s4 4 4 0.0172571218725 0.0352697095436 0.0629680284451 3 0 0 1 0 0 1 1 1.0 2 1 0 3 3 0
5 s5 0 0 0.138962157906 0.181818181818 0.231090916171 3 0 0 1 0 0 1 1 0.691043999038 2 1 0 3 3 0.308956000962
5 s5 1 1 0.00143684637045 0.00852878464819 0.0266080538629 3 0 0 1 0 0 1 1 1.0 2 1 0 3 3 0
5 s5 2 2 0.0440926630071 0.0704225352113 0.10530365259 3 0 0 1 0 0.165862153525 1 1 0.834137846475 2 1 0 3 3 0
5 s5 3 3 0 0.0 0 3 0 0.0627852522614 1 0 0 1 1 0.937214747739 2 1 0 3 3 0
5 s5 4 4 0.227670375953 0.276923076923 0.330344208324 3 0 0 1 0 0 1 1 1.0 2 1 0 3 3 0
6 s6 0 0 0.192089914378 0.238834951456 0.290513779398 3 0 0 1 0 0 1 1 0.61366973789 2 1 0 3 3 0.38633026211
6 s6 1 1 0.109128686268 0.149028077754 0.196347360119 3 0 0 1 0 0 1 1 0.861770303713 2 1 0.138229696287 3 3 0
6 s6 2 2 0.130346934438 0.174208144796 0.225273808778 3 0 0 1 0 0.0724246081897 1 1 0.92757539181 2 1 0 3 3 0
6 s6 3 3 0 0.0 0 3 0 0 1 0 0 1 1 1.0 2 1 0 3 3 0
6 s6 4 4 0.116621221835 0.15690376569 0.204205194374 3 0 0 1 0 0 1 1 1.0 2 1 0 3 3 0
7 s7 0 0 0.157002573668 0.202083333333 0.253215854618 3 0 0 1 0 0 1 1 0.62429718419 2 1 0 3 3 0.37570281581
7 s7 1 1 0.267485051974 0.319230769231 0.374351084383 3 0 0 1 0 0 1 1 0.81501886864 2 1 0.18498113136 3 3 0
7 s7 2 2 0.114095564157 0.152641878669 0.197832942425 3 0 0 1 0 0.077925693428 1 1 0.922074306572 2 1 0 3 3 0
7 s7 3 3 0 0.0 0 3 0 0.0406208448018 1 0 0 1 1 0.959379155198 2 1 0 3 3 0
7 s7 4 4 0 0.0 0 3 0 0 1 0 0 1 1 1.0 2 1 0 3 3 0
8 s8 0 0 0.0939875604555 0.128731343284 0.170256997906 3 0 0 1 0 0 1 1 0.789024344628 2 1 0 3 3 0.210975655372
8 s8 1 1 0.0962711989353 0.132796780684 0.176559525192 3 0 0 1 0 0 1 1 0.932242227315 2 1 0.0677577726848 3 3 0
8 s8 2 2 0.0657900988756 0.0966469428008 0.135330461416 3 0 0 1 0 0.0209054385531 1 1 0.979094561447 2 1 0 3 3 0
8 s8 3 3 0 0.0 0 3 0 0.190070216819 1 0 0 1 1 0.809929783181 2 1 0 3 3 0
8 s8 4 4 0.152513098214 0.196721311475 0.246989967735 3 0 0 1 0 0 1 1 1.0 2 1 0 3 3 0
9 s9 0 0 0.106567888139 0.144268774704 0.188847311021 3 0 0 1 0 0 1 1 0.78811930867 2 1 0 3 3 0.21188069133
9 s9 1 1 0.157733116095 0.20245398773 0.253106724073 3 0 0 1 0 0 1 1 0.802160522726 2 1 0.197839477274 3 3 0
9 s9 2 2 0.174819064532 0.22131147541 0.273366430902 3 0 0 1 0 0 1 1 1.0 2 1 0 3 3 0
9 s9 3 3 0 0.0 0 3 0 0.0244522747313 1 0 0 1 1 0.975547725269 2 1 0 3 3 0
9 s9 4 4 0.0922593555111 0.127701375246 0.170309789673 3 0 0 1 0 0 1 1 1.0 2 1 0 3 3 0
