10 #m
5 #n
0 s0 0 0 0.187304824538 0.19756994078 0.208130753278 3 0 0 1 0 0 1 1 0.661999847888 2 1 0 3 3 0.338000152112
0 s0 1 1 0.138177329644 0.147234300738 0.156633141222 3 0 0 1 0 0 1 1 1.0 2 1 0 3 3 0
0 s0 2 2 0.154231948615 0.163529985373 0.173142324565 3 0 0 1 0 0.125655268794 1 1 0.874344731206 2 1 0 3 3 0
0 s0 3 3 0 0.0 0 3 0 0 1 0 0 1 1 1.0 2 1 0 3 3 0
0 s0 4 4 0.0488833948361 0.0545635910224 0.0606713522721 3 0 0 1 0 0 1 1 1.0 2 1 0 3 3 0
1 s1 0 0 0.288034441308 0.299789936981 0.311737030567 3 0 0 1 0 0 1 1 0.223826074144 2 1 0 3 3 0.776173925856
1 s1 1 1 0.0231488339647 0.0271565495208 0.0316205987476 3 0 0 1 0 0 1 1 1.0 2 1 0 3 3 0
1 s1 2 2 0.369910727932 0.382462498742 0.395127440116 3 0 0 1 0 0.18030362149 1 1 0.81969637851 2 1 0 3 3 0
1 s1 3 3 0.0378095125598 0.0428358948934 0.0482990781737 3 0 0.486822206848 1 0 0 1 1 0.513177793152 2 1 0 3 3 0
1 s1 4 4 0 0.0 0 3 0 0 1 0 0 1 1 1.0 2 1 0 3 3 0
2 s2 0 0 0.267821961193 0.279277491068 0.290942614083 3 0 0 1 0 0 1 1 0.328819071463 2 1 0 3 3 0.671180928537
2 s2 1 1 0.0716835145328 0.0784509432079 0.085622531144 3 0 0 1 0 0 1 1 0.959705591217 2 1 0.0402944087825 3 3 0
2 s2 2 2 0.0904245697771 0.0979391756703 0.105839788518 3 0 0 1 0 0.520934125084 1 1 0.479065874916 2 1 0 3 3 0
2 s2 3 3 0 0.0 0 3 0 0.0219678926257 1 0 0 1 1 0.978032107374 2 1 0 3 3 0
2 s2 4 4 0 0.0 0 3 0 0 1 0 0 1 1 1.0 2 1 0 3 3 0
3 s3 0 0 0.147913609035 0.157132943392 0.166677945621 3 0 0 1 0 0 1 1 0.767826201346 2 1 0 3 3 0.232173798654
3 s3 1 1 0.0573266417157 0.0634696755994 0.0700355952845 3 0 0 1 0 0 1 1 1.0 2 1 0 3 3 0
3 s3 2 2 0.320677897192 0.3327680798 0.345017827012 3 0 0 1 0 0.0913846092199 1 1 0.90861539078 2 1 0 3 3 0
3 s3 3 3 0.0118719874954 0.0148125755744 0.0182283396715 3 0 0.111268414601 1 0 0 1 1 0.888731585399 2 1 0 3 3 0
3 s3 4 4 0 0.0 0 3 0 0 1 0 0 1 1 1.0 2 1 0 3 3 0
4 s4 0 0 0.169467309723 0.179280459538 0.189403177085 3 0 0 1 0 0 1 1 0.717088035164 2 1 0 3 3 0.282911964836
4 s4 1 1 0.0925797180632 0.100118366542 0.108035497693 3 0 0 1 0 0 1 1 1.0 2 1 0 3 3 0
4 s4 2 2 0.0607252680842 0.0670750382848 0.0738497233348 3 0 0 1 0 0.205722287149 1 1 0.794277712851 2 1 0 3 3 0
4 s4 3 3 0 0.0 0 3 0 0.0771896776867 1 0 0 1 1 0.922810322313 2 1 0 3 3 0
4 s4 4 4 0.0292217907596 0.033696630337 0.0386214674226 3 0 0 1 0 0 1 1 1.0 2 1 0 3 3 0
5 s5 0 0 0.180360474086 0.190348258706 0.200631092553 3 0 0 1 0 0 1 1 0.691043999038 2 1 0 3 3 0.308956000962
5 s5 1 1 0.00362376154722 0.00531221810163 0.00748901723872 3 0 0 1 0 0 1 1 1.0 2 1 0 3 3 0
5 s5 2 2 0.0679790188034 0.0745969760689 0.0816241935545 3 0 0 1 0 0.165862153525 1 1 0.834137846475 2 1 0 3 3 0
5 s5 3 3 0 0.0 0 3 0 0.0627852522614 1 0 0 1 1 0.937214747739 2 1 0 3 3 0
5 s5 4 4 0.299692891947 0.311527406086 0.323540625436 3 0 0 1 0 0 1 1 1.0 2 1 0 3 3 0
6 s6 0 0 0.200581024849 0.210965435042 0.221624685831 3 0 0 1 0 0 1 1 0.61366973789 2 1 0 3 3 0.38633026211
6 s6 1 1 0.141077079033 0.1501651817 0.159588887248 3 0 0 1 0 0 1 1 0.861770303713 2 1 0.138229696287 3 3 0
6 s6 2 2 0.151918765356 0.161242309982 0.170887883342 3 0 0 1 0 0.0724246081897 1 1 0.92757539181 2 1 0 3 3 0
6 s6 3 3 0 0.0 0 3 0 0 1 0 0 1 1 1.0 2 1 0 3 3 0
6 s6 4 4 0.149054726829 0.158412827278 0.168103070192 3 0 0 1 0 0 1 1 1.0 2 1 0 3 3 0
7 s7 0 0 0.200274648572 0.210716799035 0.221437383663 3 0 0 1 0 0 1 1 0.62429718419 2 1 0 3 3 0.37570281581
7 s7 1 1 0.328440919027 0.340547484929 0.352804770946 3 0 0 1 0 0 1 1 0.81501886864 2 1 0.18498113136 3 3 0
7 s7 2 2 0.150710469542 0.160072485654 0.169762382697 3 0 0 1 0 0.077925693428 1 1 0.922074306572 2 1 0 3 3 0
7 s7 3 3 0 0.0 0 3 0 0.0406208448018 1 0 0 1 1 0.959379155198 2 1 0 3 3 0
7 s7 4 4 0 0.0 0 3 0 0 1 0 0 1 1 1.0 2 1 0 3 3 0
8 s8 0 0 0.136639297725 0.145594252071 0.15488813697 3 0 0 1 0 0 1 1 0.789024344628 2 1 0 3 3 0.210975655372
8 s8 1 1 0.107434507866 0.115538646376 0.124011962682 3 0 0 1 0 0 1 1 0.932242227315 2 1 0.0677577726848 3 3 0
8 s8 2 2 0.0912684576443 0.0987727632621 0.106658128342 3 0 0 1 0 0.0209054385531 1 1 0.979094561447 2 1 0 3 3 0
8 s8 3 3 0 0.0 0 3 0 0.190070216819 1 0 0 1 1 0.809929783181 2 1 0 3 3 0
8 s8 4 4 0.188241665543 0.198434991974 0.208918002896 3 0 0 1 0 0 1 1 1.0 2 1 0 3 3 0
9 s9 0 0 0.143774382731 0.152988855117 0.162540230197 3 0 0 1 0 0 1 1 0.78811930867 2 1 0 3 3 0.21188069133
9 s9 1 1 0.168876477264 0.178664789865 0.188762547771 3 0 0 1 0 0 1 1 0.802160522726 2 1 0.197839477274 3 3 0
9 s9 2 2 0.235595037112 0.246609493418 0.257865776842 3 0 0 1 0 0 1 1 1.0 2 1 0 3 3 0
9 s9 3 3 0 0.0 0 3 0 0.0244522747313 1 0 0 1 1 0.975547725269 2 1 0 3 3 0
9 s9 4 4 0.101017301926 0.108865775136 0.117085917508 3 0 0 1 0 0 1 1 1.0 2 1 0 3 3 0
