10 #m
5 #n
0 s0 0 0 0 0.0 0 3 2 0 3 1 0.631107612383 1 1 0.252113455338 2 2 0.116778932278
0 s0 1 1 0.231915426836 0.35 0.482779016474 3 2 0 3 1 0.580841955868 1 1 0.419158044132 2 2 0
0 s0 2 2 5.33234912685e-05 0.0106382978723 0.0763948043997 3 2 0 3 1 0 1 1 1.0 2 2 0
0 s0 3 3 0 0.0 0 3 2 0 3 1 0 1 1 1.0 2 2 0
0 s0 4 4 0.0189161166592 0.0722891566265 0.177927833138 3 2 0 3 1 0 1 1 1.0 2 2 0
1 s1 0 0 0.0168426893175 0.0645161290323 0.15980694268 3 2 0 3 1 0.484025762367 1 1 0.515974237633 2 2 0
1 s1 1 1 0.0715483245952 0.15 0.263234939633 3 2 0.288023109659 3 1 0 1 1 0.711976890341 2 2 0
1 s1 2 2 0.00306686465139 0.027027027027 0.0954047185105 3 2 0 3 1 0 1 1 1.0 2 2 0
1 s1 3 3 0 0.0 0 3 2 0 3 1 0 1 1 1.0 2 2 0
1 s1 4 4 0.0645485633677 0.14 0.251284744544 3 2 0 3 1 0 1 1 1.0 2 2 0
2 s2 0 0 0 0.0 0 3 2 0 3 1 0.309571260648 1 1 0.690428739352 2 2 0
2 s2 1 1 0.0715483245952 0.15 0.263234939633 3 2 0.235076745357 3 1 0.0594771127036 1 1 0.705446141939 2 2 0
2 s2 2 2 0.0771013246919 0.153153153153 0.260225587882 3 2 0 3 1 0 1 1 1.0 2 2 0
2 s2 3 3 0 0.0 0 3 2 0 3 1 0 1 1 1.0 2 2 0
2 s2 4 4 0.131677490219 0.217054263566 0.324041527329 3 2 0 3 1 0 1 1 1.0 2 2 0
3 s3 0 0 0.0601804994537 0.130841121495 0.235882044173 3 2 0 3 1 0 1 1 0.969411694229 2 2 0.0305883057706
3 s3 1 1 0 0.0 0 3 2 0 3 1 0 1 1 1.0 2 2 0
3 s3 2 2 4.47538362274e-05 0.00892857142857 0.0644683130818 3 2 0 3 1 0 1 1 1.0 2 2 0
3 s3 3 3 0.125161444232 0.216216216216 0.332481483872 3 2 0 3 1 0 1 1 1.0 2 2 0
3 s3 4 4 0.170481778679 0.277227722772 0.405643704004 3 2 0 3 1 0 1 1 1.0 2 2 0
4 s4 0 0 0 0.0 0 3 2 0 3 1 0.251934154049 1 1 0.65173729585 2 2 0.0963285501012
4 s4 1 1 0.0265730656349 0.0808080808081 0.177796235326 3 2 0 3 1 0.106071130875 1 1 0.893928869125 2 2 0
4 s4 2 2 0.00601096353965 0.0353982300885 0.107285819594 3 2 0 3 1 0 1 1 1.0 2 2 0
4 s4 3 3 0 0.0 0 3 2 0 3 1 0 1 1 1.0 2 2 0
4 s4 4 4 0.0499455710319 0.113043478261 0.20977037393 3 2 0 3 1 0 1 1 1.0 2 2 0
5 s5 0 0 0.0210043179053 0.0707070707071 0.16436175976 3 2 0 3 1 0.23429661063 1 1 0.76570338937 2 2 0
5 s5 1 1 0.0841908078492 0.166666666667 0.281542343881 3 2 0.198846361081 3 1 0 1 1 0.801153638919 2 2 0
5 s5 2 2 0.0613669492934 0.133333333333 0.240087534838 3 2 0 3 1 0 1 1 1.0 2 2 0
5 s5 3 3 0 0.0 0 3 2 0 3 1 0 1 1 1.0 2 2 0
5 s5 4 4 0.101211421116 0.184210526316 0.294601749607 3 2 0 3 1 0 1 1 1.0 2 2 0
6 s6 0 0 0 0.0 0 3 2 0 3 1 0.227508557949 1 1 0.772491442051 2 2 0
6 s6 1 1 0.0385924270954 0.10101010101 0.203872444547 3 2 0.169386995956 3 1 0 1 1 0.830613004044 2 2 0
6 s6 2 2 0.0103122852928 0.0471698113208 0.12782825377 3 2 0 3 1 0 1 1 1.0 2 2 0
6 s6 3 3 0.183708772179 0.289719626168 0.415024168058 3 2 0 3 1 0 1 1 1.0 2 2 0
6 s6 4 4 0.242938426683 0.353448275862 0.476330352454 3 2 0 3 1 0 1 1 1.0 2 2 0
7 s7 0 0 0.0279130893219 0.0933333333333 0.213363306952 3 2 0 3 1 0.436555166742 1 1 0.563444833258 2 2 0
7 s7 1 1 0.0746511696994 0.15625 0.27340907915 3 2 0.235759375719 3 1 0 1 1 0.764240624281 2 2 0
7 s7 2 2 0 0.0 0 3 2 0 3 1 0 1 1 1.0 2 2 0
7 s7 3 3 0.0174131386374 0.0588235294118 0.137937609357 3 2 0 3 1 0 1 1 1.0 2 2 0
7 s7 4 4 0.0148849088079 0.0571428571429 0.142396648536 3 2 0 3 1 0 1 1 1.0 2 2 0
8 s8 0 0 0.027719386882 0.0842105263158 0.184856898508 3 2 0 3 1 0.531294070716 1 1 0.468705929284 2 2 0
8 s8 1 1 0.162315292949 0.267326732673 0.394983426229 3 2 0.154954628599 3 1 0.376339442117 1 1 0.468705929284 2 2 0
8 s8 2 2 0.00115571396646 0.0222222222222 0.0989679626993 3 2 0 3 1 0 1 1 1.0 2 2 0
8 s8 3 3 0 0.0 0 3 2 0 3 1 0 1 1 1.0 2 2 0
8 s8 4 4 0.0340010655464 0.0892857142857 0.181451992283 3 2 0 3 1 0 1 1 1.0 2 2 0
9 s9 0 0 0.144601653972 0.237288135593 0.351888795055 3 2 0 3 1 0.161159834231 1 1 0.838840165769 2 2 0
9 s9 1 1 0.00575369842088 0.0338983050847 0.102906110516 3 2 0 3 1 0.0495272566353 1 1 0.950472743365 2 2 0
9 s9 2 2 0 0.0 0 3 2 0 3 1 0 1 1 1.0 2 2 0
9 s9 3 3 0.0221462033292 0.0744680851064 0.172625558048 3 2 0 3 1 0 1 1 1.0 2 2 0
9 s9 4 4 0.0668542611477 0.136752136752 0.237536404734 3 2 0 3 1 0 1 1 1.0 2 2 0
