10 #m
5 #n
0 s0 0 0 0.125583988439 0.167014613779 0.215237839643 3 2 0 3 3 0 3 0 0 2 1 0 2 0 0 1 1 1.0
0 s0 1 1 0.0843337566587 0.116607773852 0.155518479771 3 2 0 3 3 0.461069162695 3 0 0 2 1 0 2 0 0 1 1 0.538930837305
0 s0 2 2 0 0.0 0 3 2 0 3 3 0 3 0 0 2 1 0 2 0 0.0244567850905 1 1 0.97554321491
0 s0 3 3 0.00909473201658 0.0230125523013 0.0470697873485 3 2 0 3 3 0 3 0 0 2 1 0 2 0 0 1 1 1.0
0 s0 4 4 0 0.0 0 3 2 0 3 3 0 3 0 0 2 1 0 2 0 0 1 1 1.0
1 s1 0 0 0 0.0 0 3 2 0 3 3 0 3 0 0 2 1 0 2 0 0 1 1 1.0
1 s1 1 1 0 0.0 0 3 2 0 3 3 0.331089538664 3 0 0.0985317354639 2 1 0 2 0 0 1 1 0.570378725872
1 s1 2 2 0.15713770495 0.20253164557 0.254045300296 3 2 0 3 3 0 3 0 0 2 1 0 2 0 0.107646726871 1 1 0.892353273129
1 s1 3 3 0.0219050646468 0.041928721174 0.071561952371 3 2 0 3 3 0 3 0 0 2 1 0 2 0 0 1 1 1.0
1 s1 4 4 0.0115824155897 0.0268041237113 0.0518947127722 3 2 0 3 3 0 3 0 0 2 1 0.0683129566096 2 0 0 1 1 0.93168704339
2 s2 0 0 0 0.0 0 3 2 0 3 3 0 3 0 0 2 1 0 2 0 0 1 1 1.0
2 s2 1 1 0.0110765936825 0.025641025641 0.0496708639324 3 2 0 3 3 0.254574802976 3 0 0.426422877995 2 1 0 2 0 0 1 1 0.319002319029
2 s2 2 2 0 0.0 0 3 2 0 3 3 0 3 0 0 2 1 0 2 0 0 1 1 1.0
2 s2 3 3 0.192592192683 0.239005736138 0.290273765453 3 2 0 3 3 0 3 0 0 2 1 0 2 0 0 1 1 1.0
2 s2 4 4 0.0164979243743 0.0337301587302 0.0602574944594 3 2 0 3 3 0 3 0 0 2 1 0.243792474915 2 0 0 1 1 0.756207525085
3 s3 0 0 0.0287484139972 0.0515021459227 0.0838470644512 3 2 0 3 3 0 3 0 0 2 1 0 2 0 0 1 1 1.0
3 s3 1 1 0 0.0 0 3 2 0 3 3 0.150799075109 3 0 0.182005179237 2 1 0 2 0 0 1 1 0.667195745654
3 s3 2 2 0.0134000404054 0.0289575289575 0.053680974919 3 2 0 3 3 0 3 0 0 2 1 0 2 0 0.120194803788 1 1 0.879805196212
3 s3 3 3 0.0729085142527 0.104854368932 0.144337675767 3 2 0 3 3 0 3 0 0 2 1 0 2 0 0 1 1 1.0
3 s3 4 4 0 0.0 0 3 2 0 3 3 0 3 0 0 2 1 0 2 0 0 1 1 1.0
4 s4 0 0 0.255636870315 0.309322033898 0.366932422416 3 2 0 3 3 0 3 0 0 2 1 0.211559465647 2 0 0 1 1 0.788440534353
4 s4 1 1 0.000709546320456 0.0062893081761 0.0228219301017 3 2 0 3 3 0.538747630153 3 0 0.0276815922554 2 1 0 2 0 0 1 1 0.433570777591
4 s4 2 2 0 0.0 0 3 2 0 3 3 0 3 0 0 2 1 0 2 0 0 1 1 1.0
4 s4 3 3 0.00327514636208 0.0127388535032 0.0329080955871 3 2 0 3 3 0 3 0 0 2 1 0 2 0 0 1 1 1.0
4 s4 4 4 0.00429805252832 0.0147058823529 0.0356131914249 3 2 0 3 3 0 3 0 0 2 1 0.0187250188552 2 0 0 1 1 0.981274981145
5 s5 0 0 0.0199237031724 0.0381679389313 0.0652344480527 3 2 0 3 3 0 3 0 0 2 1 0.051175879643 2 0 0 1 1 0.948824120357
5 s5 1 1 0.0221501319513 0.0409683426443 0.0683252622643 3 2 0 3 3 0.788183927388 3 0 0 2 1 0 2 0 0 1 1 0.211816072612
5 s5 2 2 0 0.0 0 3 2 0 3 3 0 3 0 0 2 1 0 2 0 0 1 1 1.0
5 s5 3 3 0 0.0 0 3 2 0 3 3 0 3 0 0 2 1 0 2 0 0 1 1 1.0
5 s5 4 4 0.0544178865656 0.083857442348 0.121906783369 3 2 0 3 3 0 3 0 0 2 1 0.705961857693 2 0 0 1 1 0.294038142307
6 s6 0 0 0.00509351205359 0.0157790927022 0.0362624120728 3 2 0 3 3 0 3 0 0 2 1 0 2 0 0 1 1 1.0
6 s6 1 1 0.00436247599599 0.0149253731343 0.0361389701366 3 2 0 3 3 0.715828548974 3 0 0 2 1 0 2 0 0 1 1 0.284171451026
6 s6 2 2 0 0.0 0 3 2 0 3 3 0 3 0 0 2 1 0 2 0 0 1 1 1.0
6 s6 3 3 0 0.0 0 3 2 0 3 3 0 3 0 0 2 1 0 2 0 0 1 1 1.0
6 s6 4 4 0 0.0 0 3 2 0.144060534198 3 3 0 3 0 0 2 1 0.507455707977 2 0 0 1 1 0.348483757824
7 s7 0 0 0.172599937177 0.217142857143 0.266931205372 3 2 0 3 3 0 3 0 0 2 1 0.23093692888 2 0 0 1 1 0.76906307112
7 s7 1 1 0.00694297231156 0.0185873605948 0.0393527322534 3 2 0 3 3 0.697272353183 3 0 0 2 1 0 2 0 0 1 1 0.302727646817
7 s7 2 2 0 0.0 0 3 2 0 3 3 0 3 0 0 2 1 0 2 0 0.138366361383 1 1 0.861633638617
7 s7 3 3 0.0022525508355 0.0104166666667 0.0291988074137 3 2 0 3 3 0 3 0 0 2 1 0 2 0 0 1 1 1.0
7 s7 4 4 0 0.0 0 3 2 0.466335424303 3 3 0 3 0 0 2 1 0 2 0 0 1 1 0.533664575697
8 s8 0 0 0.0372544769171 0.0627705627706 0.0976809287939 3 2 0 3 3 0 3 0 0 2 1 0.0478961438968 2 0 0 1 1 0.952103856103
8 s8 1 1 0 0.0 0 3 2 0 3 3 0.485262405113 3 0 0 2 1 0 2 0 0 1 1 0.514737594887
8 s8 2 2 0 0.0 0 3 2 0 3 3 0 3 0 0 2 1 0 2 0 0.0806301213514 1 1 0.919369878649
8 s8 3 3 0 0.0 0 3 2 0 3 3 0 3 0 0 2 1 0 2 0 0 1 1 1.0
8 s8 4 4 0.121050575195 0.160231660232 0.205819890786 3 2 0 3 3 0 3 0 0 2 1 0.411330542991 2 0 0 1 1 0.588669457009
9 s9 0 0 0 0.0 0 3 2 0 3 3 0 3 0 0 2 1 0 2 0 0 1 1 1.0
9 s9 1 1 0.0199351290534 0.0389344262295 0.0674001150056 3 2 0 3 3 0.554244432209 3 0 0 2 1 0 2 0 0 1 1 0.445755567791
9 s9 2 2 0 0.0 0 3 2 0 3 3 0 3 0 0 2 1 0 2 0 0.116914126814 1 1 0.883085873186
9 s9 3 3 0.0805878602094 0.113421550095 0.153423609313 3 2 0 3 3 0 3 0 0 2 1 0 2 0 0 1 1 1.0
9 s9 4 4 0 0.0 0 3 2 0.0194494242715 3 3 0 3 0 0 2 1 0.0850502373639 2 0 0 1 1 0.895500338365
