10 #m
5 #n
0 s0 0 0 0.231993870048 0.242970079055 0.254192457751 2 0 0 1 0 0 1 1 0.740319014646 2 1 0.259680985354
0 s0 1 1 0.0978823044824 0.10559433684 0.113678377534 2 0 0 1 0 0.18834386425 1 1 0.81165613575 2 1 0
0 s0 2 2 0.326699649858 0.338907918598 0.351271426694 2 0 0 1 0 0 1 1 1.0 2 1 0
0 s0 3 3 0.117430620267 0.125789889415 0.134503401953 2 0 0 1 0 0 1 1 1.0 2 1 0
0 s0 4 4 0.12812486159 0.136854741897 0.145932850512 2 0 0.28637505599 1 0 0 1 1 0.71362494401 2 1 0
1 s1 0 0 0.353162889376 0.365636087177 0.378239557345 2 0 0 1 0 0 1 1 0.676779230117 2 1 0.323220769883
1 s1 1 1 0.147702342112 0.156970912738 0.166569142833 2 0 0 1 0 0.27256261746 1 1 0.72743738254 2 1 0
1 s1 2 2 0.336495192141 0.348732787867 0.36111474961 2 0 0 1 0 0 1 1 1.0 2 1 0
1 s1 3 3 0.118973487977 0.127413896078 0.136209884561 2 0 0 1 0 0 1 1 1.0 2 1 0
1 s1 4 4 0.0813624760362 0.0885291766587 0.0960906042355 2 0 0.17345589697 1 0 0 1 1 0.82654410303 2 1 0
2 s2 0 0 0.428068959504 0.440820777161 0.453628691183 2 0 0 1 0 0 1 1 0.709880291934 2 1 0.290119708066
2 s2 1 1 0.126565127956 0.135256988278 0.14429914991 2 0 0 1 0 0.241052922542 1 1 0.758947077458 2 1 0
2 s2 2 2 0.347479989642 0.359709405066 0.372070544423 2 0 0 1 0 0 1 1 1.0 2 1 0
2 s2 3 3 0.0854744161204 0.092815572948 0.100548921832 2 0 0 1 0 0 1 1 0.965273470371 2 1 0.0347265296286
2 s2 4 4 0 0.0 0 2 0 0 1 0 0 1 1 1.0 2 1 0
3 s3 0 0 0.406488634128 0.419181356439 0.431951049283 2 0 0 1 0 0 1 1 0.545228496231 2 1 0.454771503769
3 s3 1 1 0.0286082517568 0.0329906999511 0.0378143850696 2 0 0 1 0 0.262829208654 1 1 0.737170791346 2 1 0
3 s3 2 2 0.308788671614 0.320771691323 0.332926091089 2 0 0 1 0 0 1 1 1.0 2 1 0
3 s3 3 3 0 0.0 0 2 0 0 1 0 0 1 1 1.0 2 1 0
3 s3 4 4 0.0392228169365 0.0443492126769 0.0499130982016 2 0 0.0899530070563 1 0 0 1 1 0.910046992944 2 1 0
4 s4 0 0 0.416820477603 0.429619947718 0.442487087448 2 0 0 1 0 0 1 1 0.460935968912 2 1 0.539064031088
4 s4 1 1 0 0.0 0 2 0 0 1 0 0.11788430089 1 1 0.88211569911 2 1 0
4 s4 2 2 0.370040224413 0.382553021208 0.395178186879 2 0 0 1 0 0 1 1 1.0 2 1 0
4 s4 3 3 0.246506845967 0.257581686558 0.268883459814 2 0 0 1 0 0 1 1 0.92739576187 2 1 0.0726042381302
4 s4 4 4 0.0298344779941 0.0342790742713 0.0391587723596 2 0 0.0683644378059 1 0 0 1 1 0.931635562194 2 1 0
5 s5 0 0 0.102780822657 0.110652920962 0.118891686198 2 0 0 1 0 0 1 1 0.901048182689 2 1 0.0989518173115
5 s5 1 1 0.0405899591303 0.0458145363409 0.0514777066003 2 0 0 1 0 0.0868457381227 1 1 0.913154261877 2 1 0
5 s5 2 2 0.186063307026 0.19619809905 0.206623941817 2 0 0 1 0 0 1 1 1.0 2 1 0
5 s5 3 3 0.0409684716292 0.0462218649518 0.0519144538498 2 0 0 1 0 0 1 1 0.901048182689 2 1 0.0989518173115
5 s5 4 4 0.0659541843478 0.0725106039184 0.0794818926815 2 0 0.142148978038 1 0 0 1 1 0.857851021962 2 1 0
6 s6 0 0 0.415286145524 0.428069470937 0.440921852493 2 0 0 1 0 0 1 1 0.591442679569 2 1 0.408557320431
6 s6 1 1 0.0742690672437 0.0811050814011 0.0883380344455 2 0 0 1 0 0.35215753795 1 1 0.64784246205 2 1 0
6 s6 2 2 0.294354679896 0.306233609038 0.3182995197 2 0 0 1 0 0 1 1 1.0 2 1 0
6 s6 3 3 0.15157938539 0.160932186437 0.170609900671 2 0 0 1 0 0 1 1 1.0 2 1 0
6 s6 4 4 0 0.0 0 2 0 0 1 0 0 1 1 1.0 2 1 0
7 s7 0 0 0.253928226291 0.265196662694 0.276688262193 2 0 0 1 0 0 1 1 0.786453753928 2 1 0.213546246072
7 s7 1 1 0.0254970027742 0.0296706557215 0.0342936228747 2 0 0 1 0 0.08358189696 1 1 0.91641810304 2 1 0
7 s7 2 2 0.432852329292 0.445637050288 0.45847343545 2 0 0 1 0 0 1 1 1.0 2 1 0
7 s7 3 3 0.0960076718474 0.103702229299 0.111775199904 2 0 0 1 0 0 1 1 1.0 2 1 0
7 s7 4 4 0 0.0 0 2 0 0 1 0 0 1 1 1.0 2 1 0
8 s8 0 0 0.355778861756 0.368235412678 0.380818966133 2 0 0 1 0 0 1 1 0.634144658198 2 1 0.365855341802
8 s8 1 1 0 0.0 0 2 0 0 1 0 0 1 1 1.0 2 1 0
8 s8 2 2 0.362843371175 0.37528672584 0.387849034106 2 0 0 1 0 0 1 1 1.0 2 1 0
8 s8 3 3 0.152618514473 0.162066166024 0.171842385736 2 0 0 1 0 0 1 1 0.747288887011 2 1 0.252711112989
8 s8 4 4 0.00955940653305 0.0122185196405 0.0153573607386 2 0 0.0251785431094 1 0 0 1 1 0.974821456891 2 1 0
9 s9 0 0 0.264648591572 0.276092596288 0.28775037167 2 0 0 1 0 0 1 1 0.81525331875 2 1 0.18474668125
9 s9 1 1 0 0.0 0 2 0 0 1 0 0.110316716537 1 1 0.889683283463 2 1 0
9 s9 2 2 0.308061811753 0.320048067294 0.332206706395 2 0 0 1 0 0 1 1 1.0 2 1 0
9 s9 3 3 0.0643470810228 0.0707640538401 0.0775892693985 2 0 0 1 0 0 1 1 0.845750118201 2 1 0.154249881799
9 s9 4 4 0 0.0 0 2 0 0 1 0 0 1 1 1.0 2 1 0
