5 #m
5 #n
0 s0 0 0 0.112420122238 0.245283018868 0.425336861028 3 0 0.298527579022 1 0 0 3 2 0 1 1 0.701472420978 2 1 0
0 s0 1 1 0.000113914916284 0.0227272727273 0.157049302454 3 0 0 1 0 0 3 2 0 1 1 1.0 2 1 0
0 s0 2 2 0.134123324694 0.288888888889 0.489463337917 3 0 0 1 0 0 3 2 0 1 1 0.70565563997 2 1 0.29434436003
0 s0 3 3 0.0187400728444 0.0847457627119 0.221810011477 3 0 0 1 0 0 3 2 0 1 1 1.0 2 1 0
0 s0 4 4 0 0.0 0 3 0 0 1 0 0 3 2 0 1 1 1.0 2 1 0
1 s1 0 0 0.0923583023637 0.232558139535 0.433688688855 3 0 0.371882564072 1 0 0.0184811962734 3 2 0 1 1 0.609636239655 2 1 0
1 s1 1 1 0 0.0 0 3 0 0 1 0 0 3 2 0 1 1 1.0 2 1 0
1 s1 2 2 0.176443433898 0.327272727273 0.50880317142 3 0 0 1 0 0 3 2 0 1 1 0.645831870231 2 1 0.354168129769
1 s1 3 3 0 0.0 0 3 0 0 1 0 0 3 2 0 1 1 1.0 2 1 0
1 s1 4 4 0.00673545953721 0.0588235294118 0.199043122817 3 0 0 1 0 0 3 2 0.141504022333 1 1 0.858495977667 2 1 0
2 s2 0 0 0.031237883933 0.138888888889 0.345607970639 3 0 0.0549990885998 1 0 0 3 2 0 1 1 0.9450009114 2 1 0
2 s2 1 1 0.00782802499915 0.0681818181818 0.227852422553 3 0 0 1 0 0 3 2 0 1 1 1.0 2 1 0
2 s2 2 2 0.205734703857 0.363636363636 0.54574303838 3 0 0 1 0 0 3 2 0 1 1 0.812847692197 2 1 0.187152307803
2 s2 3 3 0.00960961955577 0.0833333333333 0.272922926786 3 0 0 1 0 0 3 2 0 1 1 1.0 2 1 0
2 s2 4 4 0 0.0 0 3 0 0 1 0 0 3 2 0 1 1 1.0 2 1 0
3 s3 0 0 0 0.0 0 3 0 0 1 0 0.446866890434 3 2 0 1 1 0.553133109566 2 1 0
3 s3 1 1 0.00193269484745 0.037037037037 0.160581712075 3 0 0 1 0 0 3 2 0 1 1 1.0 2 1 0
3 s3 2 2 0.0355509852259 0.133333333333 0.312095923871 3 0 0 1 0 0 3 2 0 1 1 0.920359306524 2 1 0.0796406934761
3 s3 3 3 0.0830144308569 0.2 0.370796234848 3 0 0 1 0 0 3 2 0 1 1 1.0 2 1 0
3 s3 4 4 0 0.0 0 3 0 0 1 0 0 3 2 0 1 1 1.0 2 1 0
4 s4 0 0 0 0.0 0 3 0 0 1 0 0.0100597789205 3 2 0 1 1 0.989940221079 2 1 0
4 s4 1 1 0.0372771221537 0.139534883721 0.324935572368 3 0 0 1 0 0 3 2 0 1 1 1.0 2 1 0
4 s4 2 2 0.0190717530155 0.0862068965517 0.22532839274 3 0 0 1 0 0 3 2 0 1 1 0.950631078978 2 1 0.0493689210224
4 s4 3 3 0.0538736021943 0.16 0.333493521773 3 0 0 1 0 0 3 2 0 1 1 1.0 2 1 0
4 s4 4 4 0.000100245811524 0.02 0.139404124561 3 0 0 1 0 0 3 2 0.116029329758 1 1 0.883970670242 2 1 0
