5 #m
5 #n
0 s0 0 0 0.14174075599 0.240384615385 0.363606151153 3 0 0.298527579022 1 0 0 3 2 0 1 1 0.701472420978 2 1 0
0 s0 1 1 0.00114295054183 0.021978021978 0.0979237317876 3 0 0 1 0 0 3 2 0 1 1 1.0 2 1 0
0 s0 2 2 0.177230155429 0.290322580645 0.425553273017 3 0 0 1 0 0 3 2 0 1 1 0.70565563997 2 1 0.29434436003
0 s0 3 3 0.0340010655464 0.0892857142857 0.181451992283 3 0 0 1 0 0 3 2 0 1 1 1.0 2 1 0
0 s0 4 4 0 0.0 0 3 0 0 1 0 0 3 2 0 1 1 1.0 2 1 0
1 s1 0 0 0.147300870406 0.255555555556 0.390531703394 3 0 0.371882564072 1 0 0.0184811962734 3 2 0 1 1 0.609636239655 2 1 0
1 s1 1 1 0 0.0 0 3 0 0 1 0 0 3 2 0 1 1 1.0 2 1 0
1 s1 2 2 0.213502131821 0.324074074074 0.450615437176 3 0 0 1 0 0 3 2 0 1 1 0.645831870231 2 1 0.354168129769
1 s1 3 3 0.000989899891093 0.0190476190476 0.0853192651507 3 0 0 1 0 0 3 2 0 1 1 1.0 2 1 0
1 s1 4 4 0.00109459673917 0.0210526315789 0.0939580892034 3 0 0 1 0 0 3 2 0.141504022333 1 1 0.858495977667 2 1 0
2 s2 0 0 0.0172201886641 0.0659340659341 0.163130324262 3 0 0.0549990885998 1 0 0 3 2 0 1 1 0.9450009114 2 1 0
2 s2 1 1 0.0146020273128 0.0560747663551 0.139856641031 3 0 0 1 0 0 3 2 0 1 1 1.0 2 1 0
2 s2 2 2 0.174852231392 0.296296296296 0.442424399712 3 0 0 1 0 0 3 2 0 1 1 0.812847692197 2 1 0.187152307803
2 s2 3 3 0.0366260911255 0.102272727273 0.213295379977 3 0 0 1 0 0 3 2 0 1 1 1.0 2 1 0
2 s2 4 4 0 0.0 0 3 0 0 1 0 0 3 2 0 1 1 1.0 2 1 0
3 s3 0 0 0 0.0 0 3 0 0 1 0 0.446866890434 3 2 0 1 1 0.553133109566 2 1 0
3 s3 1 1 0.00732021759871 0.0430107526882 0.129291830161 3 0 0 1 0 0 3 2 0 1 1 1.0 2 1 0
3 s3 2 2 0.0538004805167 0.121495327103 0.224503112833 3 0 0 1 0 0 3 2 0 1 1 0.920359306524 2 1 0.0796406934761
3 s3 3 3 0.108145188061 0.196261682243 0.312423803363 3 0 0 1 0 0 3 2 0 1 1 1.0 2 1 0
3 s3 4 4 0 0.0 0 3 0 0 1 0 0 3 2 0 1 1 1.0 2 1 0
4 s4 0 0 0 0.0 0 3 0 0 1 0 0.0100597789205 3 2 0 1 1 0.989940221079 2 1 0
4 s4 1 1 0.0285977361767 0.0803571428571 0.169908436849 3 0 0 1 0 0 3 2 0 1 1 1.0 2 1 0
4 s4 2 2 0.0859472599239 0.17 0.28675950576 3 0 0 1 0 0 3 2 0 1 1 0.950631078978 2 1 0.0493689210224
4 s4 3 3 0.0381956532051 0.1 0.201953520781 3 0 0 1 0 0 3 2 0 1 1 1.0 2 1 0
4 s4 4 4 0.0234194209038 0.0786516853933 0.181762123562 3 0 0 1 0 0 3 2 0.116029329758 1 1 0.883970670242 2 1 0
