2 #m
5 #n
0 s0 0 0 0.1292572211 0.240506329114 0.384103355355 3 0 0 1 0 0 1 1 0.64851611108 2 1 0 3 3 0.35148388892
0 s0 1 1 0.122695138878 0.214953271028 0.333487460436 3 0 0 1 0 0 1 1 0.840681285756 2 1 0.159318714244 3 3 0
0 s0 2 2 0.0666672096457 0.149425287356 0.272256821802 3 0 0 1 0 0.245274971113 1 1 0.754725028887 2 1 0 3 3 0
0 s0 3 3 0 0.0 0 3 0 0 1 0 0 1 1 1.0 2 1 0 3 3 0
0 s0 4 4 0.00740081781125 0.0434782608696 0.130631242871 3 0 0 1 0 0 1 1 1.0 2 1 0 3 3 0
1 s1 0 0 0.105225290624 0.197916666667 0.321704622965 3 0 0 1 0 0 1 1 0.630512397554 2 1 0 3 3 0.369487602446
1 s1 1 1 0.0192205167138 0.0648148148148 0.151319419566 3 0 0 1 0 0 1 1 1.0 2 1 0 3 3 0
1 s1 2 2 0.197457547044 0.3125 0.446701349237 3 0 0 1 0 0.178036479247 1 1 0.821963520753 2 1 0 3 3 0
1 s1 3 3 0.0144645812184 0.0555555555556 0.1386202695 3 0 0.0454177065606 1 0 0 1 1 0.954582293439 2 1 0 3 3 0
1 s1 4 4 0 0.0 0 3 0 0 1 0 0 1 1 1.0 2 1 0 3 3 0
