10 #m
5 #n
0 s0 0 0 0.100231122557 0.126144455748 0.155758773874 3 2 0 3 0 0 3 1 0 2 1 0.317125334028 2 0 0 1 1 0.682874665972
0 s0 1 1 0.169486025758 0.201424211597 0.236306023959 3 2 0 3 0 0 3 1 0 2 1 0 2 0 0.380063261469 1 1 0.619936738531
0 s0 2 2 0.0739290651431 0.0965794768612 0.12319041229 3 2 0 3 0 0 3 1 0 2 1 0 2 0 0 1 1 1.0
0 s0 3 3 0.544955715503 0.586206896552 0.626613928831 3 2 0 3 0 0.0855618086588 3 1 0.735494657779 2 1 0 2 0 0 1 1 0.178943533562
0 s0 4 4 0.201098537903 0.235173824131 0.271870601127 3 2 0.355431396311 3 0 0 3 1 0 2 1 0 2 0 0 1 1 0.644568603689
1 s1 0 0 0.0928166305921 0.117647058824 0.146189048497 3 2 0 3 0 0 3 1 0 2 1 0.702241845352 2 0 0 1 1 0.297758154648
1 s1 1 1 0.00432501102292 0.0109780439122 0.0226003389202 3 2 0 3 0 0 3 1 0 2 1 0 2 0 0.0186022905352 1 1 0.981397709465
1 s1 2 2 0.0753256541916 0.0980980980981 0.124795484362 3 2 0 3 0 0 3 1 0 2 1 0 2 0 0 1 1 1.0
1 s1 3 3 0.577034481468 0.617529880478 0.65689492092 3 2 0 3 0 0.212230063021 3 1 0.749319934188 2 1 0 2 0 0 1 1 0.0384500027906
1 s1 4 4 0.29573582566 0.334008097166 0.373903650872 3 2 0.730717643653 3 0 0 3 1 0 2 1 0 2 0 0 1 1 0.269282356347
2 s2 0 0 0.0382546694493 0.0554414784394 0.077116997665 3 2 0 3 0 0 3 1 0 2 1 0.206228149114 2 0 0 1 1 0.793771850886
2 s2 1 1 0 0.0 0 3 2 0 3 0 0 3 1 0 2 1 0 2 0 0 1 1 1.0
2 s2 2 2 0.162310311152 0.193137254902 0.226879863307 3 2 0 3 0 0 3 1 0 2 1 0 2 0 0 1 1 1.0
2 s2 3 3 0.421950702017 0.463617463617 0.505649354982 3 2 0 3 0 0.355961780943 3 1 0.582643285345 2 1 0 2 0 0 1 1 0.061394933712
2 s2 4 4 0.201138505272 0.235055724417 0.271571524082 3 2 0.357474761636 3 0 0 3 1 0 2 1 0 2 0 0 1 1 0.642525238364
3 s3 0 0 0 0.0 0 3 2 0 3 0 0 3 1 0 2 1 0.0715427636274 2 0 0 1 1 0.928457236373
3 s3 1 1 0.141505458908 0.170755642787 0.20314029756 3 2 0 3 0 0 3 1 0 2 1 0 2 0 0.325750875395 1 1 0.674249124605
3 s3 2 2 0.234518427085 0.270080321285 0.307874855565 3 2 0 3 0 0 3 1 0 2 1 0 2 0 0 1 1 1.0
3 s3 3 3 0.445066954415 0.487647690655 0.530356540788 3 2 0 3 0 0 3 1 0.492802147032 2 1 0 2 0 0 1 1 0.507197852968
3 s3 4 4 0.0620445761327 0.0822429906542 0.106255568928 3 2 0.08677148568 3 0 0 3 1 0 2 1 0 2 0 0 1 1 0.91322851432
4 s4 0 0 0.0150581744197 0.0261121856867 0.0417307080315 3 2 0 3 0 0 3 1 0 2 1 0.138863407691 2 0 0 1 1 0.861136592309
4 s4 1 1 0 0.0 0 3 2 0 3 0 0 3 1 0 2 1 0 2 0 0 1 1 1.0
4 s4 2 2 0.0604749626771 0.0815273477812 0.106804017974 3 2 0 3 0 0 3 1 0 2 1 0 2 0 0 1 1 1.0
4 s4 3 3 0.486098099564 0.526724975705 0.567101212339 3 2 0 3 0 0 3 1 0.529532147415 2 1 0 2 0 0 1 1 0.470467852585
4 s4 4 4 0.21120413694 0.245901639344 0.2831189061 3 2 0.348668862107 3 0 0 3 1 0 2 1 0 2 0 0 1 1 0.651331137893
5 s5 0 0 0 0.0 0 3 2 0 3 0 0 3 1 0 2 1 0.0549831260685 2 0 0 1 1 0.945016873932
5 s5 1 1 0.0587345657804 0.0798722044728 0.105389155703 3 2 0 3 0 0 3 1 0 2 1 0 2 0 0.203509470509 1 1 0.796490529491
5 s5 2 2 0.0689922044527 0.0904716073147 0.115798452071 3 2 0 3 0 0 3 1 0 2 1 0 2 0 0 1 1 1.0
5 s5 3 3 0.502634234617 0.543245869776 0.583451909617 3 2 0 3 0 0.179128262455 3 1 0.656513958493 2 1 0 2 0 0 1 1 0.164357779052
5 s5 4 4 0.0562210394932 0.0761622156281 0.100205631752 3 2 0.118330961758 3 0 0 3 1 0 2 1 0 2 0 0 1 1 0.881669038242
6 s6 0 0 0.131110717227 0.160164271047 0.192605743246 3 2 0 3 0 0 3 1 0 2 1 0.483532011246 2 0 0 1 1 0.516467988754
6 s6 1 1 0.0127340977988 0.0232793522267 0.0386464562216 3 2 0 3 0 0 3 1 0 2 1 0 2 0 0.0469436833739 1 1 0.953056316626
6 s6 2 2 0.0607756268873 0.082264957265 0.108121094056 3 2 0 3 0 0 3 1 0 2 1 0 2 0 0 1 1 1.0
6 s6 3 3 0.572839278163 0.61220657277 0.650556923097 3 2 0 3 0 0.154874998825 3 1 0.722955823682 2 1 0 2 0 0 1 1 0.122169177493
6 s6 4 4 0.309744106925 0.348623853211 0.388994317847 3 2 0.676012140308 3 0 0 3 1 0 2 1 0 2 0 0 1 1 0.323987859692
7 s7 0 0 0.0239372433905 0.0379098360656 0.0565683980043 3 2 0 3 0 0 3 1 0 2 1 0.254845083807 2 0 0 1 1 0.745154916193
7 s7 1 1 0.0377851840643 0.0547667342799 0.0761891640297 3 2 0 3 0 0 3 1 0 2 1 0 2 0 0.112606209701 1 1 0.887393790299
7 s7 2 2 0.00312751515775 0.00896414342629 0.0198098153665 3 2 0 3 0 0 3 1 0 2 1 0 2 0 0 1 1 1.0
7 s7 3 3 0.431051349183 0.472 0.513218909508 3 2 0 3 0 0 3 1 0.441488425175 2 1 0 2 0 0 1 1 0.558511574825
7 s7 4 4 0.186888035847 0.219111969112 0.253960858515 3 2 0.328882215474 3 0 0 3 1 0 2 1 0 2 0 0 1 1 0.671117784526
8 s8 0 0 0 0.0 0 3 2 0 3 0 0 3 1 0 2 1 0.241253297947 2 0 0 1 1 0.758746702053
8 s8 1 1 0 0.0 0 3 2 0 3 0 0 3 1 0 2 1 0 2 0 0 1 1 1.0
8 s8 2 2 0.206432588718 0.24 0.276021963113 3 2 0 3 0 0 3 1 0 2 1 0 2 0 0 1 1 1.0
8 s8 3 3 0.391553757215 0.432349949135 0.473810548879 3 2 0 3 0 0.280584032317 3 1 0.479060901576 2 1 0 2 0 0 1 1 0.240355066106
8 s8 4 4 0.241448493485 0.276803118908 0.314261017852 3 2 0.454105113921 3 0 0 3 1 0 2 1 0 2 0 0 1 1 0.545894886079
9 s9 0 0 0.102740511315 0.129511677282 0.160110675 3 2 0 3 0 0 3 1 0 2 1 0.34217622307 2 0 0 1 1 0.65782377693
9 s9 1 1 0 0.0 0 3 2 0 3 0 0 3 1 0 2 1 0 2 0 0 1 1 1.0
9 s9 2 2 0.0792907809315 0.102362204724 0.129249417124 3 2 0 3 0 0 3 1 0 2 1 0 2 0 0 1 1 1.0
9 s9 3 3 0.5034664398 0.544378698225 0.58486854173 3 2 0 3 0 0.117782902546 3 1 0.585629287025 2 1 0 2 0 0 1 1 0.296587810429
9 s9 4 4 0.275345313421 0.313479623824 0.353497985654 3 2 0.585629287025 3 0 0 3 1 0 2 1 0 2 0 0 1 1 0.414370712975
