10 #m
5 #n
0 s0 0 0 0 0.0 0 3 2 0 3 3 0 2 1 0 2 0 0 1 0 0 1 1 1.0
0 s0 1 1 0.0930252931871 0.175925925926 0.288534637366 3 2 0 3 3 0 2 1 0 2 0 0 1 0 0.291583652296 1 1 0.708416347704
0 s0 2 2 0.00283523373183 0.025 0.0884876343713 3 2 0.275545115055 3 3 0 2 1 0 2 0 0 1 0 0 1 1 0.724454884945
0 s0 3 3 0.0532072213422 0.125 0.235788895329 3 2 0.0993831287679 3 3 0 2 1 0 2 0 0 1 0 0 1 1 0.900616871232
0 s0 4 4 0.20179345795 0.316326530612 0.449241424259 3 2 0 3 3 0.291583652296 2 1 0 2 0 0.333381597191 1 0 0 1 1 0.375034750513
1 s1 0 0 0.0283304665615 0.0860215053763 0.188601209991 3 2 0 3 3 0 2 1 0 2 0 0 1 0 0 1 1 1.0
1 s1 1 1 0.273361395956 0.394230769231 0.525052125254 3 2 0 3 3 0 2 1 0 2 0 0 1 0 0.548549407487 1 1 0.451450592513
1 s1 2 2 0 0.0 0 3 2 0 3 3 0 2 1 0 2 0 0 1 0 0 1 1 1.0
1 s1 3 3 5.27622061684e-05 0.0105263157895 0.0756176880323 3 2 0 3 3 0 2 1 0 2 0 0 1 0 0 1 1 1.0
1 s1 4 4 0.158972181596 0.26213592233 0.38800632771 3 2 0 3 3 0.597335372603 2 1 0 2 0 0.160739465251 1 0 0 1 1 0.241925162146
2 s2 0 0 0.0374012947176 0.112676056338 0.242610263581 3 2 0 3 3 0 2 1 0 2 0 0 1 0 0 1 1 1.0
2 s2 1 1 0.0151789689823 0.0582524271845 0.145030476157 3 2 0 3 3 0 2 1 0 2 0 0 1 0 0.0737232656231 1 1 0.926276734377
2 s2 2 2 0.0584844864821 0.127272727273 0.229841949614 3 2 0 3 3 0 2 1 0 2 0 0 1 0 0 1 1 1.0
2 s2 3 3 0 0.0 0 3 2 0 3 3 0 2 1 0 2 0 0 1 0 0 1 1 1.0
2 s2 4 4 0.154402145334 0.263736263736 0.39860074028 3 2 0 3 3 0.117874840536 2 1 0 2 0 0.553906600134 1 0 0 1 1 0.32821855933
3 s3 0 0 0.161977380595 0.275862068966 0.415062833482 3 2 0 3 3 0 2 1 0 2 0 0 1 0 0 1 1 1.0
3 s3 1 1 0.0129053148552 0.0588235294118 0.157703653982 3 2 0 3 3 0 2 1 0 2 0 0 1 0 0.119982938034 1 1 0.880017061966
3 s3 2 2 0 0.0 0 3 2 0.298787549416 3 3 0 2 1 0 2 0 0 1 0 0 1 1 0.701212450584
3 s3 3 3 0.127500691933 0.217391304348 0.331508587729 3 2 0.129428732466 3 3 0 2 1 0 2 0 0 1 0 0 1 1 0.870571267534
3 s3 4 4 0.19956780897 0.308411214953 0.434819097916 3 2 0 3 3 0.119982938034 2 1 0 2 0 0.532158777022 1 0 0 1 1 0.347858284944
4 s4 0 0 0.0153304002446 0.0588235294118 0.146384209224 3 2 0 3 3 0 2 1 0 2 0 0 1 0 0 1 1 1.0
4 s4 1 1 0.154219044966 0.257425742574 0.384254922218 3 2 0 3 3 0 2 1 0 2 0 0 1 0 0.322707969502 1 1 0.677292030498
4 s4 2 2 0.0150305005449 0.0576923076923 0.143701513459 3 2 0 3 3 0 2 1 0 2 0 0 1 0 0 1 1 1.0
4 s4 3 3 0 0.0 0 3 2 0 3 3 0 2 1 0 2 0 0 1 0 0 1 1 1.0
4 s4 4 4 0.24506930186 0.361904761905 0.491619363579 3 2 0 3 3 0.639127005404 2 1 0 2 0 0.33993323117 1 0 0 1 1 0.0209397634256
5 s5 0 0 0 0.0 0 3 2 0 3 3 0 2 1 0 2 0 0 1 0 0 1 1 1.0
5 s5 1 1 0.154279566828 0.260416666667 0.391098012341 3 2 0 3 3 0 2 1 0 2 0 0 1 0 0.386516071171 1 1 0.613483928829
5 s5 2 2 0 0.0 0 3 2 0.241113772891 3 3 0 2 1 0 2 0 0 1 0 0 1 1 0.758886227109
5 s5 3 3 0.0399714298136 0.0990990990991 0.194454820959 3 2 0 3 3 0 2 1 0.141905105938 2 0 0 1 0 0 1 1 0.858094894062
5 s5 4 4 0.071193499962 0.153846153846 0.274296593577 3 2 0 3 3 0.386516071171 2 1 0 2 0 0.186607356256 1 0 0 1 1 0.426876572573
6 s6 0 0 0.0302556111846 0.0849056603774 0.179015876277 3 2 0 3 3 0 2 1 0 2 0 0 1 0 0 1 1 1.0
6 s6 1 1 0.0109403335848 0.05 0.135144682536 3 2 0 3 3 0 2 1 0 2 0 0 1 0 0.0588950153415 1 1 0.941104984658
6 s6 2 2 0 0.0 0 3 2 0.179518970963 3 3 0 2 1 0 2 0 0 1 0 0 1 1 0.820481029037
6 s6 3 3 0.162763069928 0.270833333333 0.402366584382 3 2 0 3 3 0 2 1 0.179518970963 2 0 0 1 0 0 1 1 0.820481029037
6 s6 4 4 0.0607679287752 0.132075471698 0.237966287131 3 2 0 3 3 0.153756351539 2 1 0 2 0 0.13351499223 1 0 0 1 1 0.712728656231
7 s7 0 0 0 0.0 0 3 2 0 3 3 0 2 1 0 2 0 0 1 0 0 1 1 1.0
7 s7 1 1 0.0119072659374 0.054347826087 0.146308084033 3 2 0 3 3 0 2 1 0 2 0 0 1 0 0 1 1 1.0
7 s7 2 2 0.0543787842636 0.127659574468 0.240467952315 3 2 0.0657848251536 3 3 0 2 1 0 2 0 0 1 0 0 1 1 0.934215174846
7 s7 3 3 0.000911439766341 0.0175438596491 0.078798116693 3 2 0 3 3 0 2 1 0.0427419666403 2 0 0 1 0 0 1 1 0.95725803336
7 s7 4 4 0.16524962607 0.277777777778 0.414566565172 3 2 0 3 3 0.467866103366 2 1 0 2 0 0.305273167852 1 0 0 1 1 0.226860728782
8 s8 0 0 0 0.0 0 3 2 0 3 3 0 2 1 0 2 0 0 1 0 0 1 1 1.0
8 s8 1 1 0 0.0 0 3 2 0 3 3 0 2 1 0 2 0 0 1 0 0 1 1 1.0
8 s8 2 2 0.00306686465139 0.027027027027 0.0954047185105 3 2 0.175015229997 3 3 0 2 1 0 2 0 0 1 0 0 1 1 0.824984770003
8 s8 3 3 0.0638860938499 0.138613861386 0.248962900775 3 2 0 3 3 0 2 1 0.175015229997 2 0 0 1 0 0 1 1 0.824984770003
8 s8 4 4 0.00732021759871 0.0430107526882 0.129291830161 3 2 0 3 3 0.16754537618 2 1 0 2 0 0.194386598946 1 0 0 1 1 0.638068024874
9 s9 0 0 0 0.0 0 3 2 0 3 3 0 2 1 0 2 0 0 1 0 0 1 1 1.0
9 s9 1 1 0.0861268017844 0.166666666667 0.27779713008 3 2 0 3 3 0 2 1 0 2 0 0 1 0 0.23258614652 1 1 0.76741385348
9 s9 2 2 0 0.0 0 3 2 0.0582354239534 3 3 0 2 1 0 2 0 0 1 0 0 1 1 0.941764576047
9 s9 3 3 0.00925025037845 0.0423728813559 0.115337641521 3 2 0 3 3 0 2 1 0 2 0 0 1 0 0 1 1 1.0
9 s9 4 4 0.276259568597 0.396226415094 0.525772705529 3 2 0 3 3 0.386260181677 2 1 0 2 0 0.386731721188 1 0 0 1 1 0.227008097135
