10 #m
5 #n
0 s0 0 c0 0 0.0 0 3 2 0 2 1 0 2 0 0 2 2 0 1 0 0 1 1 1.0
0 s0 1 c1 0.0153567429141 0.0266272189349 0.0425470358534 3 2 0 2 1 0 2 0 0 2 2 0 1 0 0 1 1 1.0
0 s0 2 c2 0.160368653374 0.191133004926 0.224846868852 3 2 0 2 1 0.270734055816 2 0 0.0993543005087 2 2 0 1 0 0 1 1 0.629911643675
0 s0 3 c3 0.115668336171 0.142578125 0.172879229315 3 2 0.419812296493 2 1 0 2 0 0 2 2 0 1 0 0 1 1 0.580187703507
0 s0 4 c4 0.222232706934 0.256166982922 0.29233852512 3 2 0 2 1 0 2 0 0 2 2 0.333235741858 1 0 0 1 1 0.666764258142
1 s1 0 c0 0.0589632133728 0.078897338403 0.102744751343 3 2 0 2 1 0 2 0 0 2 2 0 1 0 0 1 1 1.0
1 s1 1 c1 0.0241615370137 0.0382626680455 0.0570897046778 3 2 0 2 1 0 2 0 0 2 2 0 1 0 0 1 1 1.0
1 s1 2 c2 0.282074073171 0.320247933884 0.360216531902 3 2 0 2 1 0.0391066182274 2 0 0.295136501785 2 2 0 1 0 0 1 1 0.665756879988
1 s1 3 c3 0.333569714424 0.372529644269 0.412705890178 3 2 0.0277245346125 2 1 0 2 0 0.36904201063 2 2 0 1 0 0 1 1 0.603233454758
1 s1 4 c4 0.114543496834 0.141981613892 0.172974433576 3 2 0 2 1 0 2 0 0 2 2 0.165959283673 1 0 0 1 1 0.834040716327
2 s2 0 c0 0.0110745788613 0.0209163346614 0.0355365527754 3 2 0 2 1 0 2 0 0 2 2 0 1 0 0 1 1 1.0
2 s2 1 c1 0.261706156765 0.299892125135 0.340165709757 3 2 0 2 1 0 2 0 0 2 2 0 1 0 0 1 1 1.0
2 s2 2 c2 0.104132648253 0.129682997118 0.158692219963 3 2 0 2 1 0.184816883593 2 0 0.0299537415201 2 2 0 1 0 0 1 1 0.785229374887
2 s2 3 c3 0.124648356254 0.153134635149 0.185083884101 3 2 0.55309898075 2 1 0 2 0 0 2 2 0 1 0 0 1 1 0.44690101925
2 s2 4 c4 0.401884514341 0.442755825735 0.484187030034 3 2 0 2 1 0 2 0 0 2 2 0.785229374887 1 0 0.0199218394541 1 1 0.194848785659
3 s3 0 c0 0.165742369288 0.198481561822 0.234392016179 3 2 0 2 1 0 2 0 0 2 2 0 1 0 0 1 1 1.0
3 s3 1 c1 0.0397628858826 0.0566218809981 0.0776602330315 3 2 0 2 1 0 2 0 0 2 2 0 1 0 0 1 1 1.0
3 s3 2 c2 0.25578850367 0.292079207921 0.330359913677 3 2 0 2 1 0.172950306123 2 0 0 2 2 0 1 0 0 1 1 0.827049693877
3 s3 3 c3 0.017219943608 0.0292044310171 0.0459036476221 3 2 0.064984073118 2 1 0 2 0 0 2 2 0 1 0 0 1 1 0.935015926882
3 s3 4 c4 0.337971461809 0.377245508982 0.41770258619 3 2 0 2 1 0 2 0 0 2 2 0.621343444951 1 0 0 1 1 0.378656555049
4 s4 0 c0 0.112550711159 0.139215686275 0.169318191062 3 2 0 2 1 0 2 0 0 2 2 0 1 0 0 1 1 1.0
4 s4 1 c1 0.0656523611496 0.0862708719852 0.110636252426 3 2 0 2 1 0 2 0 0 2 2 0 1 0 0 1 1 1.0
4 s4 2 c2 0.0706907675516 0.0923965351299 0.11793071057 3 2 0 2 1 0.176828970073 2 0 0 2 2 0 1 0 0 1 1 0.823171029927
4 s4 3 c3 0.171470511433 0.202941176471 0.237233316401 3 2 0.229404836127 2 1 0 2 0 0.188574296127 2 2 0 1 0 0 1 1 0.582020867746
4 s4 4 c4 0.322169410997 0.362014690451 0.403258795544 3 2 0 2 1 0 2 0 0 2 2 0.503494581108 1 0 0.176828970073 1 1 0.319676448819
5 s5 0 c0 0.00500839987533 0.0121212121212 0.0242394152642 3 2 0 2 1 0 2 0 0 2 2 0 1 0 0 1 1 1.0
5 s5 1 c1 0.153596140608 0.183285849953 0.215890956997 3 2 0 2 1 0 2 0 0 2 2 0 1 0 0 1 1 1.0
5 s5 2 c2 0.200424712814 0.234567901235 0.271354960995 3 2 0 2 1 0.578240402187 2 0 0 2 2 0 1 0 0 1 1 0.421759597813
5 s5 3 c3 0.0807073374124 0.103646833013 0.13029339374 3 2 0.311068476531 2 1 0 2 0 0 2 2 0 1 0 0 1 1 0.688931523469
5 s5 4 c4 0.217194251855 0.252317198764 0.28990863107 3 2 0 2 1 0 2 0 0 2 2 0.333593632572 1 0 0 1 1 0.666406367428
6 s6 0 c0 0.0210323439459 0.0338164251208 0.0510634731951 3 2 0 2 1 0 2 0 0 2 2 0 1 0 0 1 1 1.0
6 s6 1 c1 0.199692195515 0.233400402414 0.269704998134 3 2 0 2 1 0 2 0 0 2 2 0 1 0 0 1 1 1.0
6 s6 2 c2 0.0384980631238 0.055390702275 0.0766060547538 3 2 0 2 1 0.091616177817 2 0 0 2 2 0 1 0 0 1 1 0.908383822183
6 s6 3 c3 0.220597887682 0.255555555556 0.292902166419 3 2 0.607935022691 2 1 0 2 0 0.162923326058 2 2 0 1 0 0 1 1 0.229141651251
6 s6 4 c4 0.314989974497 0.353112840467 0.39261561217 3 2 0 2 1 0 2 0 0 2 2 0.56797655266 1 0 0 1 1 0.43202344734
7 s7 0 c0 0.169033561899 0.20019436346 0.234177914515 3 2 0 2 1 0 2 0 0 2 2 0 1 0 0 1 1 1.0
7 s7 1 c1 0.0315485773077 0.0471414242728 0.0672113622673 3 2 0 2 1 0 2 0 0 2 2 0 1 0 0 1 1 1.0
7 s7 2 c2 0.368177544997 0.408902691511 0.450538483037 3 2 0 2 1 0.269100888736 2 0 0.111118885686 2 2 0 1 0 0 1 1 0.619780225578
7 s7 3 c3 0.0518473909942 0.071076011846 0.0944516150705 3 2 0.172997958119 2 1 0 2 0 0 2 2 0 1 0 0 1 1 0.827002041881
7 s7 4 c4 0.326755292177 0.366459627329 0.407499336623 3 2 0 2 1 0 2 0 0 2 2 0.543141898988 1 0 0 1 1 0.456858101012
8 s8 0 c0 0 0.0 0 3 2 0 2 1 0 2 0 0 2 2 0 1 0 0 1 1 1.0
8 s8 1 c1 0.133948480593 0.162837162837 0.194995216522 3 2 0 2 1 0 2 0 0 2 2 0 1 0 0 1 1 1.0
8 s8 2 c2 0.119839032594 0.147001934236 0.177480572157 3 2 0 2 1 0.0659961754564 2 0 0 2 2 0 1 0 0 1 1 0.934003824544
8 s8 3 c3 0.092072421222 0.116716122651 0.145050997578 3 2 0.306560236102 2 1 0 2 0 0.0352854134921 2 2 0 1 0 0 1 1 0.658154350406
8 s8 4 c4 0.293732232355 0.331074540174 0.369996467633 3 2 0 2 1 0 2 0 0 2 2 0.481818678364 1 0 0 1 1 0.518181321636
9 s9 0 c0 0.021482162573 0.0348004094166 0.0528387693229 3 2 0 2 1 0 2 0 0 2 2 0 1 0 0 1 1 1.0
9 s9 1 c1 0.0452833037581 0.0630975143403 0.0850076414128 3 2 0 2 1 0 2 0 0 2 2 0 1 0 0 1 1 1.0
9 s9 2 c2 0.439494741387 0.480769230769 0.52223160274 3 2 0 2 1 0.0698736857435 2 0 0.129468692766 2 2 0 1 0 0 1 1 0.80065762149
9 s9 3 c3 0.0421548967393 0.0594439117929 0.0808786774181 3 2 0.111136797716 2 1 0 2 0 0.0193484384588 2 2 0 1 0 0 1 1 0.869514763825
9 s9 4 c4 0.145574790526 0.175196850394 0.207919653679 3 2 0 2 1 0 2 0 0 2 2 0.197803974966 1 0 0.0698736857435 1 1 0.73232233929
