10 #m
5 #n
0 s0 0 c0 0.179202828905 0.211143695015 0.24581924462 1 0 0 1 1 1.0 2 1 0 2 2 0
0 s0 1 c1 0.0405411888731 0.0581039755352 0.0800931316251 1 0 0.147100881512 1 1 0.852899118488 2 1 0 2 2 0
0 s0 2 c2 0.229064320718 0.265458422175 0.304272121147 1 0 0 1 1 0.765309639339 2 1 0.234690360661 2 2 0
0 s0 3 c3 0.155982862636 0.186626746507 0.220302869453 1 0 0 1 1 0.851278365919 2 1 0 2 2 0.148721634081
0 s0 4 c4 0 0.0 0 1 0 0 1 1 1.0 2 1 0 2 2 0
1 s1 0 c0 0.265445629865 0.301960784314 0.340352345963 1 0 0 1 1 1.0 2 1 0 2 2 0
1 s1 1 c1 0.0279948142749 0.0429447852761 0.0625097695164 1 0 0.175902410474 1 1 0.824097589526 2 1 0 2 2 0
1 s1 2 c2 0.282232016214 0.31843575419 0.356272357934 1 0 0 1 1 0.750701595832 2 1 0.249298404168 2 2 0
1 s1 3 c3 0 0.0 0 1 0 0 1 1 0.935473603492 2 1 0 2 2 0.064526396508
1 s1 4 c4 0 0.0 0 1 0 0 1 1 1.0 2 1 0 2 2 0
2 s2 0 c0 0.243098881461 0.279 0.317038114341 1 0 0 1 1 1.0 2 1 0 2 2 0
2 s2 1 c1 0 0.0 0 1 0 0.0555989983321 1 1 0.944401001668 2 1 0 2 2 0
2 s2 2 c2 0.370101100898 0.409852216749 0.450460720483 1 0 0 1 1 0.816716705394 2 1 0.183283294606 2 2 0
2 s2 3 c3 0 0.0 0 1 0 0 1 1 0.864734027714 2 1 0 2 2 0.135265972286
2 s2 4 c4 0 0.0 0 1 0 0 1 1 1.0 2 1 0 2 2 0
3 s3 0 c0 0.0526449824951 0.0719921104536 0.0954725182529 1 0 0 1 1 1.0 2 1 0 2 2 0
3 s3 1 c1 0.0615637777275 0.0824949698189 0.107532825547 1 0 0.557446813294 1 1 0.442553186706 2 1 0 2 2 0
3 s3 2 c2 0.0782588831565 0.101871101871 0.129520840537 1 0 0 1 1 0.813261425204 2 1 0.186738574796 2 2 0
3 s3 3 c3 0.0388991060167 0.0563674321503 0.078389834506 1 0 0 1 1 0.976987591065 2 1 0 2 2 0.0230124089346
3 s3 4 c4 0 0.0 0 1 0 0 1 1 1.0 2 1 0 2 2 0
4 s4 0 c0 0.252740099585 0.289156626506 0.327619788876 1 0 0 1 1 1.0 2 1 0 2 2 0
4 s4 1 c1 0.0269184379739 0.0415400202634 0.0607505744057 1 0 0.0641066124265 1 1 0.935893387573 2 1 0 2 2 0
4 s4 2 c2 0.333825386045 0.374463519313 0.416402977981 1 0 0 1 1 0.861928582099 2 1 0.138071417901 2 2 0
4 s4 3 c3 0 0.0 0 1 0 0 1 1 0.863734614867 2 1 0 2 2 0.136265385133
4 s4 4 c4 0 0.0 0 1 0 0 1 1 1.0 2 1 0 2 2 0
5 s5 0 c0 0.111765079861 0.138476755687 0.168664120547 1 0 0 1 1 1.0 2 1 0 2 2 0
5 s5 1 c1 0 0.0 0 1 0 0.0974072021616 1 1 0.902592797838 2 1 0 2 2 0
5 s5 2 c2 0.449570616516 0.490215264188 0.530952308162 1 0 0 1 1 0.983832429264 2 1 0.0161675707355 2 2 0
5 s5 3 c3 0.000657842264249 0.0039100684262 0.012259324947 1 0 0 1 1 0.688673181153 2 1 0 2 2 0.311326818847
5 s5 4 c4 0 0.0 0 1 0 0 1 1 1.0 2 1 0 2 2 0
6 s6 0 c0 0.0802593710706 0.103869653768 0.131413637477 1 0 0 1 1 1.0 2 1 0 2 2 0
6 s6 1 c1 0.00487503474132 0.0117994100295 0.0235997478441 1 0 0.653636239589 1 1 0.346363760411 2 1 0 2 2 0
6 s6 2 c2 0.445987390603 0.487654320988 0.529443863814 1 0 0 1 1 0.933660239805 2 1 0.0663397601954 2 2 0
6 s6 3 c3 0 0.0 0 1 0 0 1 1 0.944392542339 2 1 0 2 2 0.0556074576609
6 s6 4 c4 0 0.0 0 1 0 0 1 1 1.0 2 1 0 2 2 0
7 s7 0 c0 0.200272331781 0.23320537428 0.26861618426 1 0 0 1 1 1.0 2 1 0 2 2 0
7 s7 1 c1 0 0.0 0 1 0 0.34025147101 1 1 0.65974852899 2 1 0 2 2 0
7 s7 2 c2 0.398591521552 0.43779232928 0.477554651067 1 0 0 1 1 0.934096432653 2 1 0.0659035673469 2 2 0
7 s7 3 c3 0.0186043067494 0.0309381237525 0.0479209779475 1 0 0 1 1 0.912222194291 2 1 0 2 2 0.0877778057093
7 s7 4 c4 0.0204471681061 0.0334008097166 0.0510388046719 1 0 0 1 1 1.0 2 1 0 2 2 0
8 s8 0 c0 0.252838753524 0.288461538462 0.326050292638 1 0 0 1 1 1.0 2 1 0 2 2 0
8 s8 1 c1 0.0720227842166 0.0941176470588 0.120095709728 1 0 0.100139271015 1 1 0.899860728985 2 1 0 2 2 0
8 s8 2 c2 0.224204940896 0.259875259875 0.297960851685 1 0 0 1 1 0.457842318073 2 1 0.542157681927 2 2 0
8 s8 3 c3 0.236795657806 0.271929824561 0.309213398108 1 0 0 1 1 0.920793086737 2 1 0 2 2 0.0792069132632
8 s8 4 c4 0.0224515106594 0.0358208955224 0.0537641095677 1 0 0 1 1 1.0 2 1 0 2 2 0
9 s9 0 c0 0.000345051299982 0.0030612244898 0.0111560075254 1 0 0 1 1 1.0 2 1 0 2 2 0
9 s9 1 c1 0 0.0 0 1 0 0.0124355119522 1 1 0.987564488048 2 1 0 2 2 0
9 s9 2 c2 0.18938276443 0.222222222222 0.257729961636 1 0 0 1 1 0.987427854807 2 1 0.012572145193 2 2 0
9 s9 3 c3 0.196645948351 0.229366602687 0.26460094612 1 0 0 1 1 0.78825901117 2 1 0 2 2 0.21174098883
9 s9 4 c4 0 0.0 0 1 0 0 1 1 1.0 2 1 0 2 2 0
