10 #m
5 #n
0 s0 0 c0 0.0303343419141 0.0457782299084 0.0657798539124 3 2 0 3 0 0 3 1 0 2 1 0.0847676872649 2 0 0 1 1 0.915232312735
0 s0 1 c1 0 0.0 0 3 2 0 3 0 0 3 1 0 2 1 0 2 0 0 1 1 1.0
0 s0 2 c2 0.197438322004 0.231822971549 0.268944269539 3 2 0 3 0 0 3 1 0 2 1 0 2 0 0 1 1 1.0
0 s0 3 c3 0.374523639885 0.414441147379 0.455175614625 3 2 0 3 0 0.380063261469 3 1 0.440199083576 2 1 0 2 0 0 1 1 0.179737654956
0 s0 4 c4 0.0616887455325 0.0822050290135 0.10667020998 3 2 0.123073749548 3 0 0 3 1 0 2 1 0 2 0 0 1 1 0.876926250452
1 s1 0 c0 0.0143546243019 0.0255102040816 0.041495378523 3 2 0 3 0 0 3 1 0 2 1 0.0384500027906 2 0 0 1 1 0.961549997209
1 s1 1 c1 0.173133201198 0.204701273262 0.239071159046 3 2 0 3 0 0 3 1 0 2 1 0 2 0 0.405055298348 1 1 0.594944701652
1 s1 2 c2 0.00695289639162 0.0150753768844 0.0281184947685 3 2 0 3 0 0 3 1 0 2 1 0 2 0 0 1 1 1.0
1 s1 3 c3 0.621772882352 0.660377358491 0.697520737432 3 2 0 3 0 0.0186022905352 3 1 0.769167646444 2 1 0 2 0 0 1 1 0.212230063021
1 s1 4 c4 0.0402514637425 0.0576923076923 0.079532292725 3 2 0.0669258010918 3 0 0 3 1 0 2 1 0 2 0 0 1 1 0.933074198908
2 s2 0 c0 0.0223580964756 0.0359342915811 0.0542309947043 3 2 0 3 0 0 3 1 0 2 1 0.286563457421 2 0 0 1 1 0.713436542579
2 s2 1 c1 0.0319855546179 0.0475718533201 0.0675763339163 3 2 0 3 0 0 3 1 0 2 1 0 2 0 0.110145303033 1 1 0.889854696967
2 s2 2 c2 0 0.0 0 3 2 0 3 0 0 3 1 0 2 1 0 2 0 0 1 1 1.0
2 s2 3 c3 0.561493414174 0.603125 0.643719140604 3 2 0 3 0 0 3 1 0.644038219057 2 1 0 2 0 0 1 1 0.355961780943
2 s2 4 c4 0.225397603091 0.260019550342 0.296910407979 3 2 0.437810069944 3 0 0 3 1 0 2 1 0 2 0 0 1 1 0.562189930056
3 s3 0 c0 0.00365711313309 0.00981354268891 0.0208815760735 3 2 0 3 0 0 3 1 0 2 1 0.0954277639651 2 0 0 1 1 0.904572236035
3 s3 1 c1 0.0274663379202 0.041910331384 0.0607618886232 3 2 0 3 0 0 3 1 0 2 1 0 2 0 0.0715427636274 1 1 0.928457236373
3 s3 2 c2 0.37005088224 0.409900990099 0.450612289435 3 2 0 3 0 0 3 1 0 2 1 0 2 0 0 1 1 1.0
3 s3 3 c3 0.153688252876 0.184397163121 0.218206965739 3 2 0 3 0 0.325750875395 3 1 0.182199249645 2 1 0 2 0 0 1 1 0.49204987496
3 s3 4 c4 0.080622911077 0.104761904762 0.132980675273 3 2 0.110656486018 3 0 0 3 1 0 2 1 0 2 0 0 1 1 0.889343513982
4 s4 0 c0 0.108857315583 0.135714285714 0.166186025149 3 2 0 3 0 0 3 1 0 2 1 0.525703898294 2 0 0 1 1 0.474296101706
4 s4 1 c1 0.0374828664425 0.0541338582677 0.0750996652051 3 2 0 3 0 0 3 1 0 2 1 0 2 0 0.0983328907492 1 1 0.901667109251
4 s4 2 c2 0.0291663130844 0.0447284345048 0.0650782078242 3 2 0 3 0 0 3 1 0 2 1 0 2 0 0 1 1 1.0
4 s4 3 c3 0.640443781407 0.680541103018 0.718822572314 3 2 0 3 0 0 3 1 0.874372760401 2 1 0 2 0 0 1 1 0.125627239599
4 s4 4 c4 0.3339094719 0.372898120673 0.413100772464 3 2 0.73550935271 3 0 0 3 1 0 2 1 0 2 0 0 1 1 0.26449064729
5 s5 0 c0 0.0365433408885 0.0533880903491 0.0747449404794 3 2 0 3 0 0 3 1 0 2 1 0.499031305278 2 0 0 1 1 0.500968694722
5 s5 1 c1 0.0157630513517 0.0273279352227 0.0436572507542 3 2 0 3 0 0 3 1 0 2 1 0 2 0 0.0549831260685 1 1 0.945016873932
5 s5 2 c2 0.0823564838021 0.106837606838 0.135415603539 3 2 0 3 0 0 3 1 0 2 1 0 2 0 0 1 1 1.0
5 s5 3 c3 0.509402266352 0.549295774648 0.588742656869 3 2 0 3 0 0.203509470509 3 1 0.617362267036 2 1 0 2 0 0 1 1 0.179128262455
5 s5 4 c4 0.280200131581 0.318042813456 0.357678076558 3 2 0.562379140968 3 0 0 3 1 0 2 1 0 2 0 0 1 1 0.437620859032
6 s6 0 c0 0.0442073973092 0.0625 0.0851929255379 3 2 0 3 0 0 3 1 0 2 1 0.122169177493 2 0 0 1 1 0.877830822507
6 s6 1 c1 0.0361689115021 0.0528455284553 0.0739938759954 3 2 0 3 0 0 3 1 0 2 1 0 2 0 0.118760776845 1 1 0.881239223155
6 s6 2 c2 0.0159643660523 0.0273704789834 0.0433743922029 3 2 0 3 0 0 3 1 0 2 1 0 2 0 0 1 1 1.0
6 s6 3 c3 0.609618640706 0.64964964965 0.688233689114 3 2 0 3 0 0.0469436833739 3 1 0.798181317801 2 1 0 2 0 0 1 1 0.154874998825
6 s6 4 c4 0.194147615056 0.227783452503 0.26411173765 3 2 0.314649306555 3 0 0 3 1 0 2 1 0 2 0 0 1 1 0.685350693445
7 s7 0 c0 0.164398001636 0.195939086294 0.230472362452 3 2 0 3 0 0 3 1 0 2 1 0.544329681323 2 0 0 1 1 0.455670318677
7 s7 1 c1 0.0725296578857 0.0946341463415 0.120597522529 3 2 0 3 0 0 3 1 0 2 1 0 2 0 0.17204497551 1 1 0.82795502449
7 s7 2 c2 0.0421706968544 0.06002034588 0.0822659417569 3 2 0 3 0 0 3 1 0 2 1 0 2 0 0 1 1 1.0
7 s7 3 c3 0.633543737263 0.672514619883 0.709861168772 3 2 0 3 0 0.112606209701 3 1 0.873211896797 2 1 0 2 0 0 1 1 0.0141818935022
7 s7 4 c4 0.280870099191 0.319532908705 0.360047676108 3 2 0.61836681299 3 0 0 3 1 0 2 1 0 2 0 0 1 1 0.38163318701
8 s8 0 c0 0.018862783714 0.03197353914 0.0502149401004 3 2 0 3 0 0 3 1 0 2 1 0.0867199687197 2 0 0 1 1 0.91328003128
8 s8 1 c1 0.0978194669735 0.123031496063 0.151853881439 3 2 0 3 0 0 3 1 0 2 1 0 2 0 0.241253297947 1 1 0.758746702053
8 s8 2 c2 0.0646445491173 0.085798816568 0.110944013731 3 2 0 3 0 0 3 1 0 2 1 0 2 0 0 1 1 1.0
8 s8 3 c3 0.482412735293 0.524555903866 0.566451343634 3 2 0 3 0 0 3 1 0.54082508264 2 1 0 2 0 0 1 1 0.45917491736
8 s8 4 c4 0.182309947736 0.214566929134 0.249544636282 3 2 0.299571784693 3 0 0 3 1 0 2 1 0 2 0 0 1 1 0.700428215307
9 s9 0 c0 0.0677690844577 0.0893032384691 0.114773002717 3 2 0 3 0 0 3 1 0 2 1 0.213472655765 2 0 0 1 1 0.786527344235
9 s9 1 c1 0.00404562552079 0.0102707749767 0.021152328426 3 2 0 3 0 0 3 1 0 2 1 0 2 0 0.0438386951155 1 1 0.956161304885
9 s9 2 c2 0.0322549790012 0.0477582846004 0.0676034114331 3 2 0 3 0 0 3 1 0 2 1 0 2 0 0 1 1 1.0
9 s9 3 c3 0.599900596752 0.640201005025 0.679140456329 3 2 0 3 0 0 3 1 0.79910194279 2 1 0 2 0 0 1 1 0.20089805721
9 s9 4 c4 0.239059925789 0.27482447342 0.312773170816 3 2 0.45692571972 3 0 0 3 1 0 2 1 0 2 0 0 1 1 0.54307428028
