10 #m
5 #n
0 s0 0 c0 0.25679783848 0.294557097118 0.334436801327 3 0 0.29434436003 1 0 0 3 2 0 1 1 0.70565563997 2 1 0
0 s0 1 c1 0 0.0 0 3 0 0 1 0 0 3 2 0 1 1 1.0 2 1 0
0 s0 2 c2 0.0692114118152 0.0911823647295 0.117153286144 3 0 0 1 0 0 3 2 0 1 1 0.954715354557 2 1 0.0452846454431
0 s0 3 c3 0.0604119432723 0.0814432989691 0.106695436674 3 0 0 1 0 0 3 2 0 1 1 1.0 2 1 0
0 s0 4 c4 0.0395647933398 0.0567164179104 0.0782024014504 3 0 0 1 0 0 3 2 0.105422197714 1 1 0.894577802286 2 1 0
1 s1 0 c0 0.251630559123 0.287848605578 0.326109514876 3 0 0.354168129769 1 0 0.0184811962734 3 2 0 1 1 0.627350673957 2 1 0
1 s1 1 c1 0.0531814436298 0.0723938223938 0.0956465392844 3 0 0 1 0 0 3 2 0 1 1 1.0 2 1 0
1 s1 2 c2 0 0.0 0 3 0 0 1 0 0 3 2 0 1 1 1.0 2 1 0
1 s1 3 c3 0.0536021116142 0.0731225296443 0.0967726974264 3 0 0 1 0 0 3 2 0 1 1 1.0 2 1 0
1 s1 4 c4 0.0208506080759 0.0340557275542 0.0520302041753 3 0 0 1 0 0 3 2 0.0817690703794 1 1 0.918230929621 2 1 0
2 s2 0 c0 0.14934216075 0.178638941399 0.210880394172 3 0 0.187152307803 1 0 0 3 2 0 1 1 0.812847692197 2 1 0
2 s2 1 c1 0 0.0 0 3 0 0 1 0 0 3 2 0 1 1 1.0 2 1 0
2 s2 2 c2 0.241291653312 0.276290630975 0.313357156653 3 0 0 1 0 0 3 2 0 1 1 0.892532359243 2 1 0.107467640757
2 s2 3 c3 0.0735477990415 0.0969827586207 0.124658671145 3 0 0 1 0 0 3 2 0 1 1 1.0 2 1 0
2 s2 4 c4 0.0206935095739 0.0335305719921 0.0509281826793 3 0 0 1 0 0 3 2 0.0967287934658 1 1 0.903271206534 2 1 0
3 s3 0 c0 0.0920823866222 0.117773019272 0.147450890581 3 0 0.0796406934761 1 0 0.446866890434 3 2 0 1 1 0.47349241609 2 1 0
3 s3 1 c1 0 0.0 0 3 0 0 1 0 0 3 2 0 1 1 1.0 2 1 0
3 s3 2 c2 0.0643877719479 0.0854616895874 0.110514104575 3 0 0 1 0 0 3 2 0 1 1 0.940662795494 2 1 0.0593372045061
3 s3 3 c3 0.0955319227186 0.120192307692 0.148406337221 3 0 0 1 0 0 3 2 0 1 1 1.0 2 1 0
3 s3 4 c4 0.0262087568743 0.0406917599186 0.0597929145494 3 0 0 1 0 0 3 2 0.127607613414 1 1 0.872392386586 2 1 0
4 s4 0 c0 0.0307439841806 0.0463917525773 0.0666520167075 3 0 0.0493689210224 1 0 0.0100597789205 3 2 0 1 1 0.940571300057 2 1 0
4 s4 1 c1 0.0365754683422 0.0528338136407 0.0733157537734 3 0 0 1 0 0 3 2 0 1 1 1.0 2 1 0
4 s4 2 c2 0.266544525905 0.302796528447 0.34088616611 3 0 0 1 0 0 3 2 0 1 1 0.757594437405 2 1 0.242405562595
4 s4 3 c3 0.0498005047825 0.0687936191426 0.0919997538533 3 0 0 1 0 0 3 2 0 1 1 1.0 2 1 0
4 s4 4 c4 0.116214806552 0.143135345667 0.173431812152 3 0 0 1 0 0 3 2 0.38778379722 1 1 0.61221620278 2 1 0
5 s5 0 c0 0.113835198599 0.141116751269 0.171939895631 3 0 0.13972880463 1 0 0.16948997398 3 2 0 1 1 0.69078122139 2 1 0
5 s5 1 c1 0.0962589389056 0.121212121212 0.149768566831 3 0 0 1 0 0 3 2 0 1 1 1.0 2 1 0
5 s5 2 c2 0.13138626531 0.159574468085 0.190958002918 3 0 0 1 0 0 3 2 0 1 1 0.879825557248 2 1 0.120174442752
5 s5 3 c3 0.0865462122181 0.110153256705 0.137397058286 3 0 0 1 0 0 3 2 0 1 1 1.0 2 1 0
5 s5 4 c4 0.0741393842164 0.0967098703888 0.123203627535 3 0 0 1 0 0 3 2 0.283772547687 1 1 0.716227452313 2 1 0
6 s6 0 c0 0.37093007571 0.411 0.4519291637 3 0 0.442047214189 1 0 0.19803042564 3 2 0 1 1 0.359922360171 2 1 0
6 s6 1 c1 0 0.0 0 3 0 0 1 0 0 3 2 0 1 1 1.0 2 1 0
6 s6 2 c2 0.0518192853255 0.0708737864078 0.0940080572161 3 0 0 1 0 0 3 2 0 1 1 1.0 2 1 0
6 s6 3 c3 0.0218170276707 0.0350701402806 0.0529389888043 3 0 0 1 0 0 3 2 0 1 1 1.0 2 1 0
6 s6 4 c4 0.0115242499404 0.0217616580311 0.0369615379536 3 0 0 1 0 0 3 2 0.0703852882552 1 1 0.929614711745 2 1 0
7 s7 0 c0 0.0843881443658 0.108055009823 0.135473326465 3 0 0.102228599205 1 0 0.328058855704 3 2 0 1 1 0.569712545091 2 1 0
7 s7 1 c1 0.110721328401 0.137651821862 0.168147988007 3 0 0 1 0 0 3 2 0 1 1 1.0 2 1 0
7 s7 2 c2 0.0352795859093 0.0513565891473 0.0717105080708 3 0 0 1 0 0 3 2 0 1 1 1.0 2 1 0
7 s7 3 c3 0.106190607195 0.132788559755 0.163034847714 3 0 0 1 0 0 3 2 0 1 1 1.0 2 1 0
7 s7 4 c4 0.0520029003519 0.0712871287129 0.0947285973544 3 0 0 1 0 0 3 2 0.148067701624 1 1 0.851932298376 2 1 0
8 s8 0 c0 0.142312832668 0.172307692308 0.205563984213 3 0 0.193940505153 1 0 0 3 2 0 1 1 0.806059494847 2 1 0
8 s8 1 c1 0 0.0 0 3 0 0 1 0 0 3 2 0 1 1 1.0 2 1 0
8 s8 2 c2 0.235233695907 0.270812437312 0.308614427929 3 0 0 1 0 0 3 2 0 1 1 0.79694388167 2 1 0.20305611833
8 s8 3 c3 0.0253517376766 0.0393700787402 0.0578696385819 3 0 0 1 0 0 3 2 0 1 1 1.0 2 1 0
8 s8 4 c4 0.0460834215589 0.0642023346304 0.0864782666741 3 0 0 1 0 0 3 2 0.109102851231 1 1 0.890897148769 2 1 0
9 s9 0 c0 0.188971729821 0.222336065574 0.25845568813 3 0 0.222649444186 1 0 0.10320786274 3 2 0 1 1 0.674142693074 2 1 0
9 s9 1 c1 0 0.0 0 3 0 0 1 0 0 3 2 0 1 1 1.0 2 1 0
9 s9 2 c2 0.272411009783 0.309619238477 0.348671113448 3 0 0 1 0 0 3 2 0 1 1 0.711238681313 2 1 0.288761318687
9 s9 3 c3 0 0.0 0 3 0 0 1 0 0 3 2 0 1 1 1.0 2 1 0
9 s9 4 c4 0.0452396667366 0.0630372492837 0.0849274048466 3 0 0 1 0 0 3 2 0.12245656063 1 1 0.87754343937 2 1 0
