10 #m
5 #n
0 s0 0 c0 0 0.0 0 3 2 0 2 1 0 2 0 0 2 2 0 1 0 0 1 1 1.0
0 s0 1 c1 0.0153567429141 0.0266272189349 0.0425470358534 3 2 0 2 1 0 2 0 0 2 2 0 1 0 0 1 1 1.0
0 s0 2 c2 0.0269671978105 0.0413793103448 0.06025366526 3 2 0 2 1 0.0993543005087 2 0 0 2 2 0 1 0 0 1 1 0.900645699491
0 s0 3 c3 0.186364833366 0.21875 0.253794565105 3 2 0.603969797674 2 1 0 2 0 0.0865765546352 2 2 0 1 0 0 1 1 0.309453647691
0 s0 4 c4 0.222232706934 0.256166982922 0.29233852512 3 2 0 2 1 0 2 0 0 2 2 0.333235741858 1 0 0 1 1 0.666764258142
1 s1 0 c0 0 0.0 0 3 2 0 2 1 0 2 0 0 2 2 0 1 0 0 1 1 1.0
1 s1 1 c1 0.115487949344 0.142574257426 0.173099353131 3 2 0 2 1 0 2 0 0 2 2 0 1 0 0 1 1 1.0
1 s1 2 c2 0.471866029866 0.512896825397 0.553804135743 3 2 0 2 1 0.334243120012 2 0 0.36904201063 2 2 0 1 0 0 1 1 0.296714869358
1 s1 3 c3 0.00322077216572 0.00923076923077 0.0203956992534 3 2 0.0277245346125 2 1 0 2 0 0 2 2 0 1 0 0 1 1 0.972275465387
1 s1 4 c4 0.10167439455 0.127811860941 0.157652332872 3 2 0 2 1 0 2 0 0 2 2 0.165959283673 1 0 0.0391066182274 1 1 0.7949340981
2 s2 0 c0 0.00385032061666 0.0103305785124 0.0219752472268 3 2 0 2 1 0 2 0 0 2 2 0 1 0 0 1 1 1.0
2 s2 1 c1 0.323678570842 0.36316872428 0.404018705653 3 2 0 2 1 0 2 0 0 2 2 0 1 0 0 1 1 1.0
2 s2 2 c2 0.0679496338534 0.0906148867314 0.117596383286 3 2 0 2 1 0.214770625113 2 0 0 2 2 0 1 0 0 1 1 0.785229374887
2 s2 3 c3 0.140242238798 0.16906820365 0.200977830486 3 2 0.55309898075 2 1 0 2 0 0.0244898800751 2 2 0 1 0 0 1 1 0.422411139175
2 s2 4 c4 0.40381848433 0.445015416238 0.486757920515 3 2 0 2 1 0 2 0 0 2 2 0.785229374887 1 0 0.0199218394541 1 1 0.194848785659
3 s3 0 c0 0.183967650199 0.216818642351 0.25244860685 3 2 0 2 1 0 2 0 0 2 2 0 1 0 0 1 1 1.0
3 s3 1 c1 0.0413390883495 0.0596529284165 0.0826620565166 3 2 0 2 1 0 2 0 0 2 2 0 1 0 0 1 1 1.0
3 s3 2 c2 0.0545319126242 0.073896353167 0.0972623845543 3 2 0 2 1 0.176459799421 2 0 0 2 2 0 1 0 0 1 1 0.823540200579
3 s3 3 c3 0.0597159743193 0.080198019802 0.104744602531 3 2 0.183889899493 2 1 0 2 0 0 2 2 0 1 0 0 1 1 0.816110100507
3 s3 4 c4 0.314680947624 0.353474320242 0.39369302203 3 2 0 2 1 0 2 0 0 2 2 0.498928125278 1 0 0.122415319673 1 1 0.378656555049
4 s4 0 c0 0.110028588664 0.13789359392 0.169583550818 3 2 0 2 1 0 2 0 0 2 2 0 1 0 0 1 1 1.0
4 s4 1 c1 0.0629651083375 0.0837390457644 0.108473599038 3 2 0 2 1 0 2 0 0 2 2 0 1 0 0 1 1 1.0
4 s4 2 c2 0.0630825940504 0.0843495934959 0.109745892493 3 2 0 2 1 0.188574296127 2 0 0 2 2 0 1 0 0 1 1 0.811425703873
4 s4 3 c3 0.0632549897958 0.0844221105528 0.109671596356 3 2 0.229404836127 2 1 0 2 0 0 2 2 0 1 0 0 1 1 0.770595163873
4 s4 4 c4 0.409800783368 0.449248120301 0.48915571262 3 2 0 2 1 0 2 0 0 2 2 0.680323551181 1 0 0.188574296127 1 1 0.131102152692
5 s5 0 c0 0.00783114075222 0.0164948453608 0.030182703586 3 2 0 2 1 0 2 0 0 2 2 0 1 0 0 1 1 1.0
5 s5 1 c1 0.137854003136 0.166998011928 0.199354171945 3 2 0 2 1 0 2 0 0 2 2 0 1 0 0 1 1 1.0
5 s5 2 c2 0.0465332958259 0.065 0.0877330910647 3 2 0 2 1 0.153456933071 2 0 0 2 2 0 1 0 0 1 1 0.846543066929
5 s5 3 c3 0.124137818375 0.152087475149 0.183395839687 3 2 0.735851945647 2 1 0 2 0 0 2 2 0 1 0 0 1 1 0.264148054353
5 s5 4 c4 0.224309947755 0.258720930233 0.29539313656 3 2 0 2 1 0 2 0 0 2 2 0.333593632572 1 0 0 1 1 0.666406367428
6 s6 0 c0 0.0232214844002 0.0365384615385 0.0542643507872 3 2 0 2 1 0 2 0 0 2 2 0 1 0 0 1 1 1.0
6 s6 1 c1 0.184162484321 0.21629485936 0.251091706239 3 2 0 2 1 0 2 0 0 2 2 0 1 0 0 1 1 1.0
6 s6 2 c2 0.0635671576322 0.0843840931135 0.109139615291 3 2 0 2 1 0.091616177817 2 0 0 2 2 0 1 0 0 1 1 0.908383822183
6 s6 3 c3 0.276920790326 0.314814814815 0.354550312487 3 2 0.361805258617 2 1 0 2 0 0.314775584682 2 2 0 1 0 0 1 1 0.323419156701
6 s6 4 c4 0.312364256398 0.351490236382 0.39209076046 3 2 0 2 1 0 2 0 0 2 2 0.56797655266 1 0 0 1 1 0.43202344734
7 s7 0 c0 0.19680071738 0.230009871668 0.265799010653 3 2 0 2 1 0 2 0 0 2 2 0 1 0 0 1 1 1.0
7 s7 1 c1 0.0283155987138 0.0434332988625 0.063213446009 3 2 0 2 1 0 2 0 0 2 2 0 1 0 0 1 1 1.0
7 s7 2 c2 0.0503660752405 0.0697435897436 0.0934463066337 3 2 0 2 1 0.111118885686 2 0 0.0121144923859 2 2 0 1 0 0 1 1 0.876766621928
7 s7 3 c3 0.12668816244 0.15444015444 0.185430272761 3 2 0.377575012651 2 1 0 2 0 0.0645238342043 2 2 0 1 0 0 1 1 0.557901153145
7 s7 4 c4 0.31073202136 0.349643221203 0.390035083848 3 2 0 2 1 0 2 0 0 2 2 0.543141898988 1 0 0 1 1 0.456858101012
8 s8 0 c0 0 0.0 0 3 2 0 2 1 0 2 0 0 2 2 0 1 0 0 1 1 1.0
8 s8 1 c1 0.117024409236 0.144117647059 0.17460061801 3 2 0 2 1 0 2 0 0 2 2 0 1 0 0 1 1 1.0
8 s8 2 c2 0.245316379622 0.281065088757 0.318901316818 3 2 0 2 1 0 2 0 0.275588564396 2 2 0 1 0 0 1 1 0.724411435604
8 s8 3 c3 0.146378876927 0.17683557394 0.21053477036 3 2 0.447871404393 2 1 0 2 0 0.0659961754564 2 2 0 1 0 0 1 1 0.486132420151
8 s8 4 c4 0.29817805082 0.335952848723 0.375284300334 3 2 0 2 1 0 2 0 0 2 2 0.481818678364 1 0 0 1 1 0.518181321636
9 s9 0 c0 0.0333697407184 0.0498409331919 0.0710170197572 3 2 0 2 1 0 2 0 0 2 2 0 1 0 0 1 1 1.0
9 s9 1 c1 0.033215048686 0.0487571701721 0.068546059982 3 2 0 2 1 0 2 0 0 2 2 0 1 0 0 1 1 1.0
9 s9 2 c2 0.404783149112 0.445445445445 0.486634875478 3 2 0 2 1 0.0698736857435 2 0 0.129468692766 2 2 0 1 0 0 1 1 0.80065762149
9 s9 3 c3 0.0922973336949 0.117770767613 0.147159476344 3 2 0.130485236175 2 1 0 2 0 0.08666717725 2 2 0 1 0 0 1 1 0.782847586575
9 s9 4 c4 0.163079806325 0.193517635844 0.226786351351 3 2 0 2 1 0 2 0 0 2 2 0.197803974966 1 0 0.0698736857435 1 1 0.73232233929
