10 #m
5 #n
0 s0 0 c0 0.298502569742 0.336673346693 0.376425183121 2 0 0 1 0 0 1 1 0.618000679449 2 1 0.381999320551
0 s0 1 c1 0.115795157257 0.142314990512 0.172131243162 2 0 0 1 0 0.259680985354 1 1 0.740319014646 2 1 0
0 s0 2 c2 0.25449177415 0.290836653386 0.329195514086 2 0 0 1 0 0 1 1 1.0 2 1 0
0 s0 3 c3 0.0241808561684 0.038038038038 0.0564699678298 2 0 0 1 0 0 1 1 1.0 2 1 0
0 s0 4 c4 0.05401331723 0.0741901776385 0.0987253794448 2 0 0.142719493064 1 0 0 1 1 0.857280506936 2 1 0
1 s1 0 c0 0.254401153809 0.290872617854 0.329371948011 2 0 0 1 0 0 1 1 0.82654410303 2 1 0.17345589697
1 s1 1 c1 0 0.0 0 2 0 0 1 0 0 1 1 1.0 2 1 0
1 s1 2 c2 0.316556807097 0.354651162791 0.394105625404 2 0 0 1 0 0 1 1 1.0 2 1 0
1 s1 3 c3 0.103907888104 0.12962962963 0.158861809854 2 0 0 1 0 0 1 1 0.929606631212 2 1 0.0703933687883
1 s1 4 c4 0.0977633846916 0.123700623701 0.153445919687 2 0 0.230760715688 1 0 0 1 1 0.769239284312 2 1 0
2 s2 0 c0 0.388143438553 0.428861788618 0.470278101603 2 0 0 1 0 0 1 1 0.563345090048 2 1 0.436654909952
2 s2 1 c1 0.0113669758409 0.021113243762 0.0354572254273 2 0 0 1 0 0.0347265296286 1 1 0.965273470371 2 1 0
2 s2 2 c2 0.307167693084 0.345803842265 0.385946169167 2 0 0 1 0 0 1 1 1.0 2 1 0
2 s2 3 c3 0 0.0 0 2 0 0 1 0 0 1 1 1.0 2 1 0
2 s2 4 c4 0.00956025097 0.0187561697927 0.0327206773286 2 0 0.0321724594398 1 0 0 1 1 0.96782754056 2 1 0
3 s3 0 c0 0.429523633256 0.470068694799 0.510897238992 2 0 0 1 0 0 1 1 0.817155523958 2 1 0.182844476042
3 s3 1 c1 0 0.0 0 2 0 0 1 0 0 1 1 1.0 2 1 0
3 s3 2 c2 0.438132015074 0.47789275635 0.517854158842 2 0 0 1 0 0 1 1 1.0 2 1 0
3 s3 3 c3 0.0338243887328 0.049850448654 0.0702957783262 2 0 0 1 0 0 1 1 1.0 2 1 0
3 s3 4 c4 0.264023339114 0.301670146138 0.341318566368 2 0 0.554326315304 1 0 0 1 1 0.445673684696 2 1 0
4 s4 0 c0 0.372295084606 0.412412412412 0.453376188085 2 0 0 1 0 0 1 1 0.772681711986 2 1 0.227318288014
4 s4 1 c1 0 0.0 0 2 0 0 1 0 0.11788430089 1 1 0.88211569911 2 1 0
4 s4 2 c2 0.384256593554 0.424453280318 0.465374893619 2 0 0 1 0 0 1 1 1.0 2 1 0
4 s4 3 c3 0.0562908076618 0.0760975609756 0.0999505132426 2 0 0 1 0 0 1 1 1.0 2 1 0
4 s4 4 c4 0.0365515834487 0.0529931305201 0.0737490336864 2 0 0.115733380008 1 0 0 1 1 0.884266619992 2 1 0
5 s5 0 c0 0.256093185029 0.291509433962 0.328826426963 2 0 0 1 0 0 1 1 0.706425172057 2 1 0.293574827943
5 s5 1 c1 0.0348134403253 0.0508806262231 0.0712724003646 2 0 0 1 0 0.0868457381227 1 1 0.913154261877 2 1 0
5 s5 2 c2 0.4356728941 0.477064220183 0.518681236023 2 0 0 1 0 0 1 1 1.0 2 1 0
5 s5 3 c3 0.133781943771 0.16253716551 0.194538554834 2 0 0 1 0 0 1 1 0.781688045128 2 1 0.218311954872
5 s5 4 c4 0.21260411575 0.247658688866 0.28525482839 2 0 0.520627616622 1 0 0 1 1 0.479372383378 2 1 0
6 s6 0 c0 0.29838576836 0.335200746965 0.37350167095 2 0 0 1 0 0 1 1 1.0 2 1 0
6 s6 1 c1 0 0.0 0 2 0 0 1 0 0.216390892415 1 1 0.783609107585 2 1 0
6 s6 2 c2 0.271496881476 0.308219178082 0.346754825072 2 0 0 1 0 0 1 1 1.0 2 1 0
6 s6 3 c3 0.0306502562155 0.0458089668616 0.0653311874956 2 0 0 1 0 0 1 1 0.898671931673 2 1 0.101328068327
6 s6 4 c4 0.106380201128 0.13200379867 0.161024480952 2 0 0.239285141619 1 0 0 1 1 0.760714858381 2 1 0
7 s7 0 c0 0.543038546588 0.584349593496 0.624832998542 2 0 0 1 0 0 1 1 0.320457188126 2 1 0.679542811874
7 s7 1 c1 0 0.0 0 2 0 0 1 0 0 1 1 1.0 2 1 0
7 s7 2 c2 0.43310015442 0.474489795918 0.516130718387 2 0 0 1 0 0 1 1 1.0 2 1 0
7 s7 3 c3 0.235378496679 0.27027027027 0.307306125004 2 0 0 1 0 0 1 1 0.480370148591 2 1 0.519629851409
7 s7 4 c4 0.0924258699216 0.117408906883 0.146162845329 2 0 0.236875291166 1 0 0 1 1 0.763124708834 2 1 0
8 s8 0 c0 0.236390248051 0.271825396825 0.309449604134 2 0 0 1 0 0 1 1 0.776146099988 2 1 0.223853900012
8 s8 1 c1 0.109965974019 0.137316561845 0.168364606818 2 0 0 1 0 0.252711112989 1 1 0.747288887011 2 1 0
8 s8 2 c2 0.327683165883 0.366307541626 0.406196363578 2 0 0 1 0 0 1 1 1.0 2 1 0
8 s8 3 c3 0.0933359621264 0.118172790467 0.146701037553 2 0 0 1 0 0 1 1 0.974821456891 2 1 0.0251785431094
8 s8 4 c4 0.0946858187851 0.12091503268 0.151167195401 2 0 0.244956332353 1 0 0 1 1 0.755043667647 2 1 0
9 s9 0 c0 0.291857500201 0.3296812749 0.369144025829 2 0 0 1 0 0 1 1 0.786014064638 2 1 0.213985935362
9 s9 1 c1 0 0.0 0 2 0 0 1 0 0.154249881799 1 1 0.845750118201 2 1 0
9 s9 2 c2 0.327212819049 0.366598778004 0.407296848683 2 0 0 1 0 0 1 1 1.0 2 1 0
9 s9 3 c3 0.0970112249624 0.12226640159 0.151175804325 2 0 0 1 0 0 1 1 0.755517265186 2 1 0.244482734814
9 s9 4 c4 0.235999541863 0.271894093686 0.310035384279 2 0 0.490950666851 1 0 0 1 1 0.509049333149 2 1 0
