10 #m
5 #n
0 s0 0 c0 0.179202828905 0.211143695015 0.24581924462 1 0 0 1 1 1.0 2 1 0 2 2 0
0 s0 1 c1 0.0405411888731 0.0581039755352 0.0800931316251 1 0 0.147100881512 1 1 0.852899118488 2 1 0 2 2 0
0 s0 2 c2 0.210873465529 0.246268656716 0.284282628028 1 0 0 1 1 0.592790915021 2 1 0.407209084979 2 2 0
0 s0 3 c3 0.155982862636 0.186626746507 0.220302869453 1 0 0 1 1 0.851278365919 2 1 0 2 2 0.148721634081
0 s0 4 c4 0.0837987275869 0.107833163784 0.135756311394 1 0 0 1 1 1.0 2 1 0 2 2 0
1 s1 0 c0 0.296244482992 0.334693877551 0.374773114629 1 0 0 1 1 1.0 2 1 0 2 2 0
1 s1 1 c1 0 0.0 0 1 0 0.0542207817915 1 1 0.945779218208 2 1 0 2 2 0
1 s1 2 c2 0.234064716261 0.269938650307 0.308088008769 1 0 0 1 1 0.379038342621 2 1 0.620961657379 2 2 0
1 s1 3 c3 0.160903278939 0.191848906561 0.225763659602 1 0 0 1 1 0.935473603492 2 1 0 2 2 0.064526396508
1 s1 4 c4 0 0.0 0 1 0 0 1 1 1.0 2 1 0 2 2 0
2 s2 0 c0 0.281586437078 0.318312559923 0.356721536876 1 0 0 1 1 1.0 2 1 0 2 2 0
2 s2 1 c1 0.0158699163398 0.0269266480966 0.0423519544019 1 0 0 1 1 1.0 2 1 0 2 2 0
2 s2 2 c2 0.29677392238 0.334653465347 0.374114524021 1 0 0 1 1 0.471296917094 2 1 0.528703082906 2 2 0
2 s2 3 c3 0.124678329845 0.15306122449 0.184882878989 1 0 0 1 1 0.864734027714 2 1 0 2 2 0.135265972286
2 s2 4 c4 0.0677376763944 0.0897043832824 0.115756684164 1 0 0 1 1 1.0 2 1 0 2 2 0
3 s3 0 c0 0.0557916719714 0.0759109311741 0.100231775394 1 0 0 1 1 1.0 2 1 0 2 2 0
3 s3 1 c1 0.0816763675937 0.105004906771 0.132111527653 1 0 0.529159072509 1 1 0.470840927491 2 1 0 2 2 0
3 s3 2 c2 0.0709960124963 0.0930693069307 0.11907532093 1 0 0 1 1 0.813261425204 2 1 0.186738574796 2 2 0
3 s3 3 c3 0.11247326993 0.140276301807 0.171796984495 1 0 0 1 1 0.976987591065 2 1 0 2 2 0.0230124089346
3 s3 4 c4 0 0.0 0 1 0 0 1 1 1.0 2 1 0 2 2 0
4 s4 0 c0 0.0397236426297 0.0567514677104 0.0780401855323 1 0 0 1 1 1.0 2 1 0 2 2 0
4 s4 1 c1 0.194045020329 0.227835051546 0.264342177963 1 0 0.16477650332 1 1 0.83522349668 2 1 0 2 2 0
4 s4 2 c2 0.262171714284 0.299188640974 0.338174378992 1 0 0 1 1 0.861928582099 2 1 0.138071417901 2 2 0
4 s4 3 c3 0.0562400163315 0.0766839378238 0.101422405484 1 0 0 1 1 0.863734614867 2 1 0 2 2 0.136265385133
4 s4 4 c4 0 0.0 0 1 0 0 1 1 1.0 2 1 0 2 2 0
5 s5 0 c0 0.118438875239 0.145833333333 0.176641331802 1 0 0 1 1 1.0 2 1 0 2 2 0
5 s5 1 c1 0.130576402281 0.159629248198 0.192086021192 1 0 0.0359265546044 1 1 0.964073445396 2 1 0 2 2 0
5 s5 2 c2 0.391434351627 0.43237704918 0.473988680322 1 0 0 1 1 0.71397149464 2 1 0.28602850536 2 2 0
5 s5 3 c3 0 0.0 0 1 0 0 1 1 0.672505610418 2 1 0 2 2 0.327494389582
5 s5 4 c4 0 0.0 0 1 0 0 1 1 1.0 2 1 0 2 2 0
6 s6 0 c0 0.117256664179 0.145061728395 0.176415807203 1 0 0 1 1 1.0 2 1 0 2 2 0
6 s6 1 c1 0.00199150001531 0.00682926829268 0.0166332116515 1 0 0 1 1 1.0 2 1 0 2 2 0
6 s6 2 c2 0.409851171195 0.450396825397 0.491417457886 1 0 0 1 1 0.809752074194 2 1 0.190247925806 2 2 0
6 s6 3 c3 0.0159251077601 0.0276073619632 0.0440998392647 1 0 0 1 1 0.944392542339 2 1 0 2 2 0.0556074576609
6 s6 4 c4 0.0277111187416 0.0422812192724 0.0612942358121 1 0 0 1 1 1.0 2 1 0 2 2 0
7 s7 0 c0 0.237484844339 0.27356557377 0.311890305743 1 0 0 1 1 1.0 2 1 0 2 2 0
7 s7 1 c1 0 0.0 0 1 0 0 1 1 1.0 2 1 0 2 2 0
7 s7 2 c2 0.324095486165 0.363089267803 0.403409340632 1 0 0 1 1 0.537453188789 2 1 0.462546811211 2 2 0
7 s7 3 c3 0.172411892595 0.205020920502 0.240620502488 1 0 0 1 1 0.846318626944 2 1 0 2 2 0.153681373056
7 s7 4 c4 0 0.0 0 1 0 0 1 1 1.0 2 1 0 2 2 0
8 s8 0 c0 0.231121632551 0.267151767152 0.305523601008 1 0 0 1 1 1.0 2 1 0 2 2 0
8 s8 1 c1 0.0924614357888 0.116959064327 0.145090989344 1 0 0.100139271015 1 1 0.899860728985 2 1 0 2 2 0
8 s8 2 c2 0.242993991489 0.277419354839 0.313827365927 1 0 0 1 1 0.457842318073 2 1 0.542157681927 2 2 0
8 s8 3 c3 0.179537879411 0.211614173228 0.246439605792 1 0 0 1 1 0.867285240183 2 1 0 2 2 0.132714759817
8 s8 4 c4 0.235148185113 0.271855010661 0.310915115402 1 0 0 1 1 1.0 2 1 0 2 2 0
9 s9 0 c0 0.0836264052207 0.107614213198 0.135485008837 1 0 0 1 1 1.0 2 1 0 2 2 0
9 s9 1 c1 0 0.0 0 1 0 0 1 1 1.0 2 1 0 2 2 0
9 s9 2 c2 0.206627792935 0.239923224568 0.275633598356 1 0 0 1 1 0.987427854807 2 1 0.012572145193 2 2 0
9 s9 3 c3 0.14453438212 0.174348697395 0.207328514504 1 0 0 1 1 0.78825901117 2 1 0 2 2 0.21174098883
9 s9 4 c4 0.000701065627658 0.00416666666667 0.0130602410408 1 0 0 1 1 1.0 2 1 0 2 2 0
