10 #m
5 #n
0 s0 0 c0 0.0170358414094 0.029197080292 0.0462435011161 3 2 0 3 3 0.759044066146 2 1 0 2 2 0 1 0 0 1 1 0.240955933854
0 s0 1 c1 0 0.0 0 3 2 0 3 3 0 2 1 0 2 2 0 1 0 0 1 1 1.0
0 s0 2 c2 0.0181049005295 0.0303951367781 0.0474134946035 3 2 0 3 3 0 2 1 0 2 2 0 1 0 0.0417763078103 1 1 0.95822369219
0 s0 3 c3 0 0.0 0 3 2 0 3 3 0 2 1 0 2 2 0 1 0 0 1 1 1.0
0 s0 4 c4 0.141958090483 0.171987641607 0.205295422606 3 2 0 3 3 0 2 1 0.115451575005 2 2 0.583078620009 1 0 0 1 1 0.301469804986
1 s1 0 c0 0 0.0 0 3 2 0 3 3 0.0274349270441 2 1 0 2 2 0 1 0 0 1 1 0.972565072956
1 s1 1 c1 0.0404165117632 0.0579268292683 0.0798518066921 3 2 0 3 3 0 2 1 0 2 2 0 1 0 0 1 1 1.0
1 s1 2 c2 0.0704728983253 0.0929752066116 0.119583803263 3 2 0.643153101348 3 3 0 2 1 0 2 2 0 1 0 0.12571898739 1 1 0.231127911261
1 s1 3 c3 0 0.0 0 3 2 0 3 3 0 2 1 0 2 2 0 1 0 0 1 1 1.0
1 s1 4 c4 0.00304838064484 0.00873786407767 0.0193124381005 3 2 0 3 3 0 2 1 0 2 2 0.0274349270441 1 0 0 1 1 0.972565072956
2 s2 0 c0 0.0105790206578 0.0203458799593 0.0350044474023 3 2 0 3 3 0.247812577339 2 1 0 2 2 0 1 0 0 1 1 0.752187422661
2 s2 1 c1 0.0159251077601 0.0276073619632 0.0440998392647 3 2 0 3 3 0 2 1 0 2 2 0 1 0 0 1 1 1.0
2 s2 2 c2 0.198547087586 0.232415902141 0.268925554302 3 2 0.367684797411 3 3 0 2 1 0 2 2 0 1 0 0.282247997611 1 1 0.350067204979
2 s2 3 c3 0 0.0 0 3 2 0 3 3 0 2 1 0 2 2 0 1 0 0 1 1 1.0
2 s2 4 c4 0.059954057931 0.0809968847352 0.106296378505 3 2 0 3 3 0 2 1 0.0590493972524 2 2 0.247812577339 1 0 0 1 1 0.693138025408
3 s3 0 c0 0 0.0 0 3 2 0 3 3 0.591244204918 2 1 0 2 2 0 1 0 0 1 1 0.408755795082
3 s3 1 c1 0 0.0 0 3 2 0 3 3 0 2 1 0 2 2 0 1 0 0 1 1 1.0
3 s3 2 c2 0.0413640725768 0.0588822355289 0.0807242430183 3 2 0.343348841928 3 3 0 2 1 0 2 2 0 1 0 0.0654069531541 1 1 0.591244204918
3 s3 3 c3 0.190995160776 0.224242424242 0.26018691803 3 2 0 3 3 0.200762935447 2 1 0 2 2 0 1 0 0 1 1 0.799237064553
3 s3 4 c4 0 0.0 0 3 2 0 3 3 0 2 1 0 2 2 0.390481269471 1 0 0 1 1 0.609518730529
4 s4 0 c0 0 0.0 0 3 2 0 3 3 0.387491401748 2 1 0 2 2 0 1 0 0 1 1 0.612508598252
4 s4 1 c1 0 0.0 0 3 2 0 3 3 0 2 1 0 2 2 0 1 0 0 1 1 1.0
4 s4 2 c2 0.155518325242 0.186847599165 0.221347259634 3 2 0.430873120351 3 3 0 2 1 0 2 2 0 1 0 0.181635477901 1 1 0.387491401748
4 s4 3 c3 0 0.0 0 3 2 0 3 3 0 2 1 0 2 2 0 1 0 0 1 1 1.0
4 s4 4 c4 0.0121518278197 0.0225641025641 0.0378746093876 3 2 0 3 3 0 2 1 0 2 2 0.323206610677 1 0 0 1 1 0.676793389323
5 s5 0 c0 0 0.0 0 3 2 0 3 3 0.354831773921 2 1 0 2 2 0 1 0 0 1 1 0.645168226079
5 s5 1 c1 0.127450507637 0.155255544841 0.18628777719 3 2 0 3 3 0 2 1 0 2 2 0 1 0 0 1 1 1.0
5 s5 2 c2 0.00148026656014 0.00576923076923 0.0149875744239 3 2 0 3 3 0 2 1 0 2 2 0 1 0 0.0193416504821 1 1 0.980658349518
5 s5 3 c3 0.198134267403 0.230991337825 0.266354157886 3 2 0 3 3 0.233046551152 2 1 0 2 2 0 1 0 0 1 1 0.766953448848
5 s5 4 c4 0 0.0 0 3 2 0 3 3 0 2 1 0 2 2 0.231975061932 1 0 0 1 1 0.768024938068
6 s6 0 c0 0.0690853398029 0.0907317073171 0.116276043386 3 2 0 3 3 0.442467743073 2 1 0 2 2 0 1 0 0 1 1 0.557532256927
6 s6 1 c1 0 0.0 0 3 2 0 3 3 0 2 1 0 2 2 0 1 0 0 1 1 1.0
6 s6 2 c2 0.0777735175241 0.100691016782 0.127452522377 3 2 0.0249161616528 3 3 0 2 1 0 2 2 0 1 0 0.197835069826 1 1 0.777248768521
6 s6 3 c3 0 0.0 0 3 2 0 3 3 0 2 1 0 2 2 0 1 0 0 1 1 1.0
6 s6 4 c4 0 0.0 0 3 2 0 3 3 0 2 1 0.314604714308 2 2 0 1 0 0 1 1 0.685395285692
7 s7 0 c0 0 0.0 0 3 2 0 3 3 0.363847883948 2 1 0 2 2 0 1 0 0 1 1 0.636152116052
7 s7 1 c1 0 0.0 0 3 2 0 3 3 0 2 1 0 2 2 0 1 0 0 1 1 1.0
7 s7 2 c2 0.148569327699 0.178642714571 0.211826674934 3 2 0.580915743688 3 3 0 2 1 0 2 2 0 1 0 0.055236372364 1 1 0.363847883948
7 s7 3 c3 0.0999218673703 0.125760649087 0.155292948659 3 2 0 3 3 0.11610735591 2 1 0 2 2 0 1 0 0 1 1 0.88389264409
7 s7 4 c4 0.00148599146039 0.00579150579151 0.0150451714232 3 2 0 3 3 0 2 1 0 2 2 0.0134595065166 1 0 0 1 1 0.986540493483
8 s8 0 c0 0 0.0 0 3 2 0 3 3 0.520325787043 2 1 0 2 2 0 1 0 0 1 1 0.479674212957
8 s8 1 c1 0 0.0 0 3 2 0 3 3 0 2 1 0 2 2 0 1 0 0 1 1 1.0
8 s8 2 c2 0.114388491278 0.14156626506 0.172241670855 3 2 0.137149602517 3 3 0 2 1 0 2 2 0 1 0 0.178633226572 1 1 0.684217170911
8 s8 3 c3 0.0798476298049 0.10307234886 0.130132448471 3 2 0 3 3 0 2 1 0 2 2 0 1 0 0 1 1 1.0
8 s8 4 c4 0.0929713784973 0.117475728155 0.145595074305 3 2 0 3 3 0 2 1 0 2 2 0.311963808302 1 0 0 1 1 0.688036191698
9 s9 0 c0 0.0394019545485 0.0566801619433 0.0783687605846 3 2 0 3 3 0.184834438843 2 1 0 2 2 0 1 0 0 1 1 0.815165561157
9 s9 1 c1 0 0.0 0 3 2 0 3 3 0 2 1 0 2 2 0 1 0 0 1 1 1.0
9 s9 2 c2 0.132296253771 0.160662122687 0.192234822519 3 2 0.109048050324 3 3 0 2 1 0 2 2 0 1 0 0.217050245674 1 1 0.673901704002
9 s9 3 c3 0.255735559487 0.292783505155 0.331897025517 3 2 0 3 3 0.347123333962 2 1 0 2 2 0 1 0 0 1 1 0.652876666038
9 s9 4 c4 0.0085400321093 0.0175257731959 0.0315173550684 3 2 0 3 3 0 2 1 0.14104677272 2 2 0.043787666123 1 0 0 1 1 0.815165561157
