10 #m
5 #n
0 s0 0 c0 0.306260873276 0.344689378758 0.384621200703 2 0 0 1 0 0 1 1 0.590744342667 2 1 0.409255657333
0 s0 1 c1 0 0.0 0 2 0 0 1 0 0 1 1 1.0 2 1 0
0 s0 2 c2 0.352965409671 0.392467789891 0.432999138474 2 0 0 1 0 0 1 1 1.0 2 1 0
0 s0 3 c3 0.14534707057 0.175510204082 0.20888579065 2 0 0 1 0 0 1 1 0.904375735439 2 1 0.095624264561
0 s0 4 c4 0.0512539055155 0.0704365079365 0.0937936475229 2 0 0.142719493064 1 0 0 1 1 0.857280506936 2 1 0
1 s1 0 c0 0.289933902076 0.327689243028 0.367102773261 2 0 0 1 0 0 1 1 0.631661004504 2 1 0.368338995496
1 s1 1 c1 0 0.0 0 2 0 0 1 0 0 1 1 1.0 2 1 0
1 s1 2 c2 0.330636110739 0.369458128079 0.409522100415 2 0 0 1 0 0 1 1 1.0 2 1 0
1 s1 3 c3 0.0714972566892 0.0937188434696 0.11989425338 2 0 0 1 0 0 1 1 1.0 2 1 0
1 s1 4 c4 0.0115224810556 0.0214007782101 0.0359365038545 2 0 0.0358776171612 1 0 0 1 1 0.964122382839 2 1 0
2 s2 0 c0 0.355264138081 0.395 0.435749678697 2 0 0 1 0 0 1 1 0.563345090048 2 1 0.436654909952
2 s2 1 c1 0.0113669758409 0.021113243762 0.0354572254273 2 0 0 1 0 0.0347265296286 1 1 0.965273470371 2 1 0
2 s2 2 c2 0.307167693084 0.345803842265 0.385946169167 2 0 0 1 0 0 1 1 1.0 2 1 0
2 s2 3 c3 0 0.0 0 2 0 0 1 0 0 1 1 1.0 2 1 0
2 s2 4 c4 0.00956025097 0.0187561697927 0.0327206773286 2 0 0.0321724594398 1 0 0 1 1 0.96782754056 2 1 0
3 s3 0 c0 0.335990119893 0.374877330716 0.414950179678 2 0 0 1 0 0 1 1 0.817155523958 2 1 0.182844476042
3 s3 1 c1 0 0.0 0 2 0 0 1 0 0.207832800462 1 1 0.792167199538 2 1 0
3 s3 2 c2 0.336344519196 0.374412041392 0.413620063527 2 0 0 1 0 0 1 1 1.0 2 1 0
3 s3 3 c3 0.0338243887328 0.049850448654 0.0702957783262 2 0 0 1 0 0 1 1 1.0 2 1 0
3 s3 4 c4 0.0468165005506 0.0657620041754 0.0891549047441 2 0 0.0995548115356 1 0 0 1 1 0.900445188464 2 1 0
4 s4 0 c0 0.172333811195 0.204204204204 0.238943461536 2 0 0 1 0 0 1 1 0.772681711986 2 1 0.227318288014
4 s4 1 c1 0.0255718750773 0.0392523364486 0.0571856023956 2 0 0 1 0 0.19048853902 1 1 0.80951146098 2 1 0
4 s4 2 c2 0.366320220118 0.404351767906 0.44322005479 2 0 0 1 0 0 1 1 1.0 2 1 0
4 s4 3 c3 0.0786297418775 0.101134215501 0.127313251282 2 0 0 1 0 0 1 1 0.841046149792 2 1 0.158953850208
4 s4 4 c4 0.0311648425715 0.0470219435737 0.0675476139243 2 0 0.115733380008 1 0 0 1 1 0.884266619992 2 1 0
5 s5 0 c0 0.215000998837 0.249746192893 0.286949952797 2 0 0 1 0 0 1 1 0.706425172057 2 1 0.293574827943
5 s5 1 c1 0.0299337537074 0.0454076367389 0.0655105427347 2 0 0 1 0 0.0989518173115 1 1 0.901048182689 2 1 0
5 s5 2 c2 0.36268827312 0.402834008097 0.443929332099 2 0 0 1 0 0 1 1 1.0 2 1 0
5 s5 3 c3 0.0969847220908 0.121764141898 0.150071759049 2 0 0 1 0 0 1 1 0.880639862439 2 1 0.119360137561
5 s5 4 c4 0.20700844436 0.241521068859 0.278605151874 2 0 0.520627616622 1 0 0 1 1 0.479372383378 2 1 0
6 s6 0 c0 0.196783144685 0.23023023023 0.266291569592 2 0 0 1 0 0 1 1 0.78262749949 2 1 0.21737250051
6 s6 1 c1 0 0.0 0 2 0 0 1 0 0.216390892415 1 1 0.783609107585 2 1 0
6 s6 2 c2 0.294437083822 0.332027424094 0.371207032334 2 0 0 1 0 0 1 1 1.0 2 1 0
6 s6 3 c3 0 0.0 0 2 0 0 1 0 0 1 1 1.0 2 1 0
6 s6 4 c4 0.00303656016789 0.00870406189555 0.0192381267428 2 0 0.021912641109 1 0 0 1 1 0.978087358891 2 1 0
7 s7 0 c0 0.48126191958 0.522167487685 0.56286227557 2 0 0 1 0 0 1 1 0.320457188126 2 1 0.679542811874
7 s7 1 c1 0 0.0 0 2 0 0 1 0 0.0276662104098 1 1 0.97233378959 2 1 0
7 s7 2 c2 0.417133221383 0.458461538462 0.500201143572 2 0 0 1 0 0 1 1 1.0 2 1 0
7 s7 3 c3 0.149018665621 0.178435114504 0.210826472433 2 0 0 1 0 0 1 1 0.480370148591 2 1 0.519629851409
7 s7 4 c4 0.00575992863725 0.0133744855967 0.0260627253339 2 0 0.0233290450941 1 0 0 1 1 0.976670954906 2 1 0
8 s8 0 c0 0.288347803586 0.327044025157 0.367492468366 2 0 0 1 0 0 1 1 0.610811674155 2 1 0.389188325845
8 s8 1 c1 0.112925325963 0.140350877193 0.171384909635 2 0 0 1 0 0.252711112989 1 1 0.747288887011 2 1 0
8 s8 2 c2 0.34078119142 0.38080495356 0.422016771295 2 0 0 1 0 0 1 1 1.0 2 1 0
8 s8 3 c3 0.0840120064466 0.107707509881 0.135180413811 2 0 0 1 0 0 1 1 0.776146099988 2 1 0.223853900012
8 s8 4 c4 0.0946858187851 0.12091503268 0.151167195401 2 0 0.244956332353 1 0 0 1 1 0.755043667647 2 1 0
9 s9 0 c0 0.355752090477 0.395418326693 0.436090290171 2 0 0 1 0 0 1 1 0.552536459279 2 1 0.447463540721
9 s9 1 c1 0.0746894034255 0.0975609756098 0.124423555258 2 0 0 1 0 0.264566598335 1 1 0.735433401665 2 1 0
9 s9 2 c2 0.311978118347 0.351636747624 0.39280916694 2 0 0 1 0 0 1 1 1.0 2 1 0
9 s9 3 c3 0.0876976295486 0.112371134021 0.140938638362 2 0 0 1 0 0 1 1 0.786014064638 2 1 0.213985935362
9 s9 4 c4 0.103228279582 0.12890625 0.158108642987 2 0 0.257473061492 1 0 0 1 1 0.742526938508 2 1 0
