10 #m
5 #n
0 s0 0 c0 0.179202828905 0.211143695015 0.24581924462 1 0 0 1 1 1.0 2 1 0 2 2 0
0 s0 1 c1 0.0405411888731 0.0581039755352 0.0800931316251 1 0 0.147100881512 1 1 0.852899118488 2 1 0 2 2 0
0 s0 2 c2 0.210873465529 0.246268656716 0.284282628028 1 0 0 1 1 0.592790915021 2 1 0.407209084979 2 2 0
0 s0 3 c3 0.0777515637466 0.100798403194 0.127730807273 1 0 0 1 1 0.851278365919 2 1 0 2 2 0.148721634081
0 s0 4 c4 0 0.0 0 1 0 0 1 1 1.0 2 1 0 2 2 0
1 s1 0 c0 0.275113914581 0.313016528926 0.352786282972 1 0 0 1 1 1.0 2 1 0 2 2 0
1 s1 1 c1 0 0.0 0 1 0 0.0843887538478 1 1 0.915611246152 2 1 0 2 2 0
1 s1 2 c2 0.319327864001 0.358606557377 0.399284687894 1 0 0 1 1 0.379038342621 2 1 0.620961657379 2 2 0
1 s1 3 c3 0.0881624142442 0.11256281407 0.140756445791 1 0 0 1 1 0.935473603492 2 1 0 2 2 0.064526396508
1 s1 4 c4 0 0.0 0 1 0 0 1 1 1.0 2 1 0 2 2 0
2 s2 0 c0 0.29288296915 0.330685203575 0.370111847305 1 0 0 1 1 1.0 2 1 0 2 2 0
2 s2 1 c1 0.0168780880207 0.0286278381046 0.0450050369028 1 0 0 1 1 1.0 2 1 0 2 2 0
2 s2 2 c2 0.295272341567 0.333004926108 0.372326909474 1 0 0 1 1 0.471296917094 2 1 0.528703082906 2 2 0
2 s2 3 c3 0.0565360073775 0.0770833333333 0.101943476413 1 0 0 1 1 0.864734027714 2 1 0 2 2 0.135265972286
2 s2 4 c4 0 0.0 0 1 0 0 1 1 1.0 2 1 0 2 2 0
3 s3 0 c0 0.082101481213 0.105162523901 0.13190160298 1 0 0 1 1 1.0 2 1 0 2 2 0
3 s3 1 c1 0.0345374905336 0.050284629981 0.0702295257392 1 0 0.134889870027 1 1 0.865110129973 2 1 0 2 2 0
3 s3 2 c2 0.325295723505 0.363548698168 0.403072212326 1 0 0 1 1 0.813261425204 2 1 0.186738574796 2 2 0
3 s3 3 c3 0 0.0 0 1 0 0 1 1 0.976987591065 2 1 0 2 2 0.0230124089346
3 s3 4 c4 0 0.0 0 1 0 0 1 1 1.0 2 1 0 2 2 0
4 s4 0 c0 0.314675603452 0.352601156069 0.391898006476 1 0 0 1 1 1.0 2 1 0 2 2 0
4 s4 1 c1 0.0266732671187 0.0414078674948 0.0608344459949 1 0 0.0641066124265 1 1 0.935893387573 2 1 0 2 2 0
4 s4 2 c2 0.292477849859 0.330935251799 0.371071705548 1 0 0 1 1 0.44781920267 2 1 0.55218079733 2 2 0
4 s4 3 c3 0.0384980631238 0.055390702275 0.0766060547538 1 0 0 1 1 0.863734614867 2 1 0 2 2 0.136265385133
4 s4 4 c4 0 0.0 0 1 0 0 1 1 1.0 2 1 0 2 2 0
5 s5 0 c0 0.132052668574 0.160469667319 0.192111180411 1 0 0 1 1 1.0 2 1 0 2 2 0
5 s5 1 c1 0.00742393393067 0.0156402737048 0.0286293478362 1 0 0.0614806475572 1 1 0.938519352443 2 1 0 2 2 0
5 s5 2 c2 0.416690292056 0.457991803279 0.499708825388 1 0 0 1 1 0.983832429264 2 1 0.0161675707355 2 2 0
5 s5 3 c3 0.000661077019166 0.00392927308448 0.0123192834786 1 0 0 1 1 0.688673181153 2 1 0 2 2 0.311326818847
5 s5 4 c4 0.00253364839288 0.007866273353 0.0181728244964 1 0 0 1 1 1.0 2 1 0 2 2 0
6 s6 0 c0 0.117256664179 0.145061728395 0.176415807203 1 0 0 1 1 1.0 2 1 0 2 2 0
6 s6 1 c1 0.00199150001531 0.00682926829268 0.0166332116515 1 0 0 1 1 1.0 2 1 0 2 2 0
6 s6 2 c2 0.409851171195 0.450396825397 0.491417457886 1 0 0 1 1 0.809752074194 2 1 0.190247925806 2 2 0
6 s6 3 c3 0.0159251077601 0.0276073619632 0.0440998392647 1 0 0 1 1 0.944392542339 2 1 0 2 2 0.0556074576609
6 s6 4 c4 0 0.0 0 1 0 0 1 1 1.0 2 1 0 2 2 0
7 s7 0 c0 0.193186902548 0.22602739726 0.261463010804 1 0 0 1 1 1.0 2 1 0 2 2 0
7 s7 1 c1 0.0494443125932 0.0684793554884 0.0917737621777 1 0 0.235249584073 1 1 0.764750415927 2 1 0 2 2 0
7 s7 2 c2 0.224109432697 0.258928571429 0.296061145813 1 0 0 1 1 0.537453188789 2 1 0.462546811211 2 2 0
7 s7 3 c3 0.0170358414094 0.029197080292 0.0462435011161 1 0 0 1 1 0.912222194291 2 1 0 2 2 0.0877778057093
7 s7 4 c4 0.0193026580821 0.0318091451292 0.0489347384679 1 0 0 1 1 1.0 2 1 0 2 2 0
8 s8 0 c0 0.290172426709 0.328267477204 0.36804378773 1 0 0 1 1 1.0 2 1 0 2 2 0
8 s8 1 c1 0 0.0 0 1 0 0.210459321652 1 1 0.789540678348 2 1 0 2 2 0
8 s8 2 c2 0.276564313168 0.314285714286 0.353838691246 1 0 0 1 1 0.457842318073 2 1 0.542157681927 2 2 0
8 s8 3 c3 0.238492216122 0.273156899811 0.309894285108 1 0 0 1 1 0.920793086737 2 1 0 2 2 0.0792069132632
8 s8 4 c4 0.020220654683 0.033033033033 0.0504819146072 1 0 0 1 1 1.0 2 1 0 2 2 0
9 s9 0 c0 0.0836264052207 0.107614213198 0.135485008837 1 0 0 1 1 1.0 2 1 0 2 2 0
9 s9 1 c1 0.202073902246 0.234741784038 0.269819485837 1 0 0.0124355119522 1 1 0.987564488048 2 1 0 2 2 0
9 s9 2 c2 0.212255189315 0.24693877551 0.284121459351 1 0 0 1 1 0.987427854807 2 1 0.012572145193 2 2 0
9 s9 3 c3 0.00377984132801 0.0101419878296 0.0215764019324 1 0 0 1 1 0.78825901117 2 1 0 2 2 0.21174098883
9 s9 4 c4 0 0.0 0 1 0 0 1 1 1.0 2 1 0 2 2 0
