10 #m
5 #n
0 s0 0 c0 0.298502569742 0.336673346693 0.376425183121 2 0 0 1 0 0 1 1 0.618000679449 2 1 0.381999320551
0 s0 1 c1 0.115795157257 0.142314990512 0.172131243162 2 0 0 1 0 0.259680985354 1 1 0.740319014646 2 1 0
0 s0 2 c2 0.25449177415 0.290836653386 0.329195514086 2 0 0 1 0 0 1 1 1.0 2 1 0
0 s0 3 c3 0.022587221362 0.036036036036 0.0540839774647 2 0 0 1 0 0 1 1 0.904375735439 2 1 0.095624264561
0 s0 4 c4 0.05401331723 0.0741901776385 0.0987253794448 2 0 0.142719493064 1 0 0 1 1 0.857280506936 2 1 0
1 s1 0 c0 0.415525496622 0.456369107322 0.497635137675 2 0 0 1 0 0 1 1 0.631661004504 2 1 0.368338995496
1 s1 1 c1 0 0.0 0 2 0 0 1 0 0.27256261746 1 1 0.72743738254 2 1 0
1 s1 2 c2 0.316556807097 0.354651162791 0.394105625404 2 0 0 1 0 0 1 1 1.0 2 1 0
1 s1 3 c3 0.231219397276 0.266081871345 0.303149135021 2 0 0 1 0 0 1 1 0.573716701936 2 1 0.426283298064
1 s1 4 c4 0.0267849667205 0.04158004158 0.0610848063785 2 0 0.106270985949 1 0 0 1 1 0.893729014051 2 1 0
2 s2 0 c0 0.355264138081 0.395 0.435749678697 2 0 0 1 0 0 1 1 0.563345090048 2 1 0.436654909952
2 s2 1 c1 0.0113669758409 0.021113243762 0.0354572254273 2 0 0 1 0 0.0347265296286 1 1 0.965273470371 2 1 0
2 s2 2 c2 0.307167693084 0.345803842265 0.385946169167 2 0 0 1 0 0 1 1 1.0 2 1 0
2 s2 3 c3 0 0.0 0 2 0 0 1 0 0 1 1 1.0 2 1 0
2 s2 4 c4 0.00956025097 0.0187561697927 0.0327206773286 2 0 0.0321724594398 1 0 0 1 1 0.96782754056 2 1 0
3 s3 0 c0 0.30928141284 0.347399411187 0.386963820413 2 0 0 1 0 0 1 1 0.910046992944 2 1 0.0899530070563
3 s3 1 c1 0 0.0 0 2 0 0 1 0 0.207832800462 1 1 0.792167199538 2 1 0
3 s3 2 c2 0.336344519196 0.374412041392 0.413620063527 2 0 0 1 0 0 1 1 1.0 2 1 0
3 s3 3 c3 0.187531756451 0.220338983051 0.255846229629 2 0 0 1 0 0 1 1 0.545228496231 2 1 0.454771503769
3 s3 4 c4 0.0715563229738 0.0939393939394 0.120326497041 2 0 0.192446280521 1 0 0 1 1 0.807553719479 2 1 0
4 s4 0 c0 0.390264605393 0.429657794677 0.46969626748 2 0 0 1 0 0 1 1 0.772681711986 2 1 0.227318288014
4 s4 1 c1 0 0.0 0 2 0 0 1 0 0.11788430089 1 1 0.88211569911 2 1 0
4 s4 2 c2 0.394235065887 0.435789473684 0.477996539095 2 0 0 1 0 0 1 1 1.0 2 1 0
4 s4 3 c3 0.084331909451 0.108786610879 0.13723089534 2 0 0 1 0 0 1 1 0.841046149792 2 1 0.158953850208
4 s4 4 c4 0.0366191590689 0.0534979423868 0.0748969863827 2 0 0.115733380008 1 0 0 1 1 0.884266619992 2 1 0
5 s5 0 c0 0.219153432221 0.252830188679 0.288762076505 2 0 0 1 0 0 1 1 0.825785309617 2 1 0.174214690383
5 s5 1 c1 0.0348134403253 0.0508806262231 0.0712724003646 2 0 0 1 0 0.0868457381227 1 1 0.913154261877 2 1 0
5 s5 2 c2 0.4356728941 0.477064220183 0.518681236023 2 0 0 1 0 0 1 1 1.0 2 1 0
5 s5 3 c3 0.124671668382 0.152626362735 0.183924398936 2 0 0 1 0 0 1 1 0.63953906709 2 1 0.36046093291
5 s5 4 c4 0.21260411575 0.247658688866 0.28525482839 2 0 0.520627616622 1 0 0 1 1 0.479372383378 2 1 0
6 s6 0 c0 0.29838576836 0.335200746965 0.37350167095 2 0 0 1 0 0 1 1 1.0 2 1 0
6 s6 1 c1 0.0992985076016 0.124513618677 0.153282084145 2 0 0 1 0 0.216390892415 1 1 0.783609107585 2 1 0
6 s6 2 c2 0.269626897799 0.306403940887 0.345024256661 2 0 0 1 0 0 1 1 1.0 2 1 0
6 s6 3 c3 0.0221849237224 0.0353982300885 0.0531355905528 2 0 0 1 0 0 1 1 0.898671931673 2 1 0.101328068327
6 s6 4 c4 0.0938163132601 0.119023397762 0.148004219556 2 0 0.239285141619 1 0 0 1 1 0.760714858381 2 1 0
7 s7 0 c0 0.560495128925 0.600985221675 0.640514785305 2 0 0 1 0 0 1 1 0.320457188126 2 1 0.679542811874
7 s7 1 c1 0 0.0 0 2 0 0 1 0 0.0559156865502 1 1 0.94408431345 2 1 0
7 s7 2 c2 0.430323937756 0.471794871795 0.51354506695 2 0 0 1 0 0 1 1 1.0 2 1 0
7 s7 3 c3 0.149018665621 0.178435114504 0.210826472433 2 0 0 1 0 0 1 1 0.480370148591 2 1 0.519629851409
7 s7 4 c4 0.0902765081162 0.115226337449 0.144032405574 2 0 0.236875291166 1 0 0 1 1 0.763124708834 2 1 0
8 s8 0 c0 0.264043010724 0.300796812749 0.339468364256 2 0 0 1 0 0 1 1 0.776146099988 2 1 0.223853900012
8 s8 1 c1 0.122896956184 0.150590551181 0.181624111217 2 0 0 1 0 0.252711112989 1 1 0.747288887011 2 1 0
8 s8 2 c2 0.342215617697 0.381618381618 0.422163136969 2 0 0 1 0 0 1 1 1.0 2 1 0
8 s8 3 c3 0.0632570804055 0.0839768339768 0.108620022586 2 0 0 1 0 0 1 1 0.776146099988 2 1 0.223853900012
8 s8 4 c4 0.104458487419 0.130653266332 0.160458612816 2 0 0.270134875463 1 0 0 1 1 0.729865124537 2 1 0
9 s9 0 c0 0.188352873086 0.220716360116 0.255697315935 2 0 0 1 0 0 1 1 1.0 2 1 0
9 s9 1 c1 0.00678856220233 0.0147203140334 0.0274605331135 2 0 0 1 0 0.18474668125 1 1 0.81525331875 2 1 0
9 s9 2 c2 0.297674188387 0.336853220697 0.377697177913 2 0 0 1 0 0 1 1 1.0 2 1 0
9 s9 3 c3 0.0876976295486 0.112371134021 0.140938638362 2 0 0 1 0 0 1 1 0.786014064638 2 1 0.213985935362
9 s9 4 c4 0.210337670092 0.244140625 0.280361158323 2 0 0.490950666851 1 0 0 1 1 0.509049333149 2 1 0
