10 #m
5 #n
0 s0 0 c0 0 0.0 0 3 2 0 2 1 0 2 0 0 2 2 0 1 0 0 1 1 1.0
0 s0 1 c1 0.0153567429141 0.0266272189349 0.0425470358534 3 2 0 2 1 0 2 0 0 2 2 0 1 0 0 1 1 1.0
0 s0 2 c2 0.160368653374 0.191133004926 0.224846868852 3 2 0 2 1 0.270734055816 2 0 0.0993543005087 2 2 0 1 0 0 1 1 0.629911643675
0 s0 3 c3 0.115668336171 0.142578125 0.172879229315 3 2 0.419812296493 2 1 0 2 0 0 2 2 0 1 0 0 1 1 0.580187703507
0 s0 4 c4 0.222232706934 0.256166982922 0.29233852512 3 2 0 2 1 0 2 0 0 2 2 0.333235741858 1 0 0 1 1 0.666764258142
1 s1 0 c0 0.0589632133728 0.078897338403 0.102744751343 3 2 0 2 1 0 2 0 0 2 2 0 1 0 0 1 1 1.0
1 s1 1 c1 0.00578981075719 0.0134436401241 0.0261966116164 3 2 0 2 1 0 2 0 0 2 2 0 1 0 0 1 1 1.0
1 s1 2 c2 0.268826482358 0.30577689243 0.344596957384 3 2 0 2 1 0.334243120012 2 0 0 2 2 0 1 0 0 1 1 0.665756879988
1 s1 3 c3 0.0994333972757 0.125654450262 0.155691210937 3 2 0.0277245346125 2 1 0 2 0 0.130755585685 2 2 0 1 0 0 1 1 0.841519879703
1 s1 4 c4 0.114306419557 0.141692150866 0.172628208318 3 2 0 2 1 0 2 0 0 2 2 0.165959283673 1 0 0.0391066182274 1 1 0.7949340981
2 s2 0 c0 0.0948926436757 0.12037037037 0.149651023456 3 2 0 2 1 0 2 0 0 2 2 0 1 0 0 1 1 1.0
2 s2 1 c1 0.261706156765 0.299892125135 0.340165709757 3 2 0 2 1 0 2 0 0 2 2 0 1 0 0 1 1 1.0
2 s2 2 c2 0.0876602214287 0.111431316042 0.138837351352 3 2 0 2 1 0.164895044139 2 0 0.0299537415201 2 2 0 1 0 0 1 1 0.805151214341
2 s2 3 c3 0.136921489798 0.166495375128 0.199396388543 3 2 0.55309898075 2 1 0 2 0 0.0244898800751 2 2 0 1 0 0 1 1 0.422411139175
2 s2 4 c4 0.404881320921 0.445795339412 0.48723951605 3 2 0 2 1 0 2 0 0 2 2 0.805151214341 1 0 0 1 1 0.194848785659
3 s3 0 c0 0.165742369288 0.198481561822 0.234392016179 3 2 0 2 1 0 2 0 0 2 2 0 1 0 0 1 1 1.0
3 s3 1 c1 0.232161859461 0.26679462572 0.303591451124 3 2 0 2 1 0 2 0 0 2 2 0 1 0 0 1 1 1.0
3 s3 2 c2 0.0675093946354 0.0891089108911 0.11468148607 3 2 0 2 1 0.172950306123 2 0 0 2 2 0 1 0 0 1 1 0.827049693877
3 s3 3 c3 0.017219943608 0.0292044310171 0.0459036476221 3 2 0.064984073118 2 1 0 2 0 0 2 2 0 1 0 0 1 1 0.935015926882
3 s3 4 c4 0.34283718283 0.382235528942 0.422768766555 3 2 0 2 1 0 2 0 0 2 2 0.621343444951 1 0 0.054044479748 1 1 0.324612075301
4 s4 0 c0 0.112550711159 0.139215686275 0.169318191062 3 2 0 2 1 0 2 0 0 2 2 0 1 0 0 1 1 1.0
4 s4 1 c1 0.0656523611496 0.0862708719852 0.110636252426 3 2 0 2 1 0 2 0 0 2 2 0 1 0 0 1 1 1.0
4 s4 2 c2 0.0706907675516 0.0923965351299 0.11793071057 3 2 0 2 1 0.176828970073 2 0 0 2 2 0 1 0 0 1 1 0.823171029927
4 s4 3 c3 0.171470511433 0.202941176471 0.237233316401 3 2 0.229404836127 2 1 0 2 0 0.188574296127 2 2 0 1 0 0 1 1 0.582020867746
4 s4 4 c4 0.322169410997 0.362014690451 0.403258795544 3 2 0 2 1 0 2 0 0 2 2 0.503494581108 1 0 0.176828970073 1 1 0.319676448819
5 s5 0 c0 0.00500839987533 0.0121212121212 0.0242394152642 3 2 0 2 1 0 2 0 0 2 2 0 1 0 0 1 1 1.0
5 s5 1 c1 0.0934805252957 0.117758784425 0.14556961398 3 2 0 2 1 0 2 0 0 2 2 0 1 0 0 1 1 1.0
5 s5 2 c2 0.192668965769 0.22633744856 0.262732436739 3 2 0 2 1 0.578240402187 2 0 0 2 2 0 1 0 0 1 1 0.421759597813
5 s5 3 c3 0.0807073374124 0.103646833013 0.13029339374 3 2 0.311068476531 2 1 0 2 0 0 2 2 0 1 0 0 1 1 0.688931523469
5 s5 4 c4 0.217194251855 0.252317198764 0.28990863107 3 2 0 2 1 0 2 0 0 2 2 0.333593632572 1 0 0 1 1 0.666406367428
6 s6 0 c0 0.0210323439459 0.0338164251208 0.0510634731951 3 2 0 2 1 0 2 0 0 2 2 0 1 0 0 1 1 1.0
6 s6 1 c1 0.156325484416 0.187122736419 0.220971926074 3 2 0 2 1 0 2 0 0 2 2 0 1 0 0 1 1 1.0
6 s6 2 c2 0.0622431543417 0.0830860534125 0.10795968544 3 2 0 2 1 0.185893683266 2 0 0 2 2 0 1 0 0 1 1 0.814106316734
6 s6 3 c3 0.278847454107 0.316481294237 0.355908421143 3 2 0.361805258617 2 1 0 2 0 0.314775584682 2 2 0 1 0 0 1 1 0.323419156701
6 s6 4 c4 0.373927680038 0.414534288639 0.45598554071 3 2 0 2 1 0 2 0 0 2 2 0.56797655266 1 0 0.091616177817 1 1 0.340407269523
7 s7 0 c0 0.169033561899 0.20019436346 0.234177914515 3 2 0 2 1 0 2 0 0 2 2 0 1 0 0 1 1 1.0
7 s7 1 c1 0.249600881121 0.285857572718 0.324190950409 3 2 0 2 1 0 2 0 0 2 2 0 1 0 0 1 1 1.0
7 s7 2 c2 0.185132480882 0.218426501035 0.254544094629 3 2 0 2 1 0.269100888736 2 0 0.111118885686 2 2 0 1 0 0 1 1 0.619780225578
7 s7 3 c3 0.0518473909942 0.071076011846 0.0944516150705 3 2 0.172997958119 2 1 0 2 0 0 2 2 0 1 0 0 1 1 0.827002041881
7 s7 4 c4 0.326755292177 0.366459627329 0.407499336623 3 2 0 2 1 0 2 0 0 2 2 0.543141898988 1 0 0 1 1 0.456858101012
8 s8 0 c0 0.0636653258142 0.0854430379747 0.111496748696 3 2 0 2 1 0 2 0 0 2 2 0 1 0 0 1 1 1.0
8 s8 1 c1 0.115487949344 0.142574257426 0.173099353131 3 2 0 2 1 0 2 0 0 2 2 0 1 0 0 1 1 1.0
8 s8 2 c2 0.126256286641 0.154223968566 0.185489634202 3 2 0 2 1 0.0659961754564 2 0 0 2 2 0 1 0 0 1 1 0.934003824544
8 s8 3 c3 0.110949266333 0.137931034483 0.168482952088 3 2 0.306560236102 2 1 0 2 0 0.0352854134921 2 2 0 1 0 0 1 1 0.658154350406
8 s8 4 c4 0.292391015533 0.33033033033 0.369910585547 3 2 0 2 1 0 2 0 0 2 2 0.481818678364 1 0 0 1 1 0.518181321636
9 s9 0 c0 0.0400673630551 0.0578338590957 0.0801714534517 3 2 0 2 1 0 2 0 0 2 2 0 1 0 0 1 1 1.0
9 s9 1 c1 0.0701528976555 0.0919765166341 0.117697152058 3 2 0 2 1 0 2 0 0 2 2 0 1 0 0 1 1 1.0
9 s9 2 c2 0.131234099817 0.159199237369 0.190317166111 3 2 0 2 1 0.0193484384588 2 0 0.129468692766 2 2 0 1 0 0 1 1 0.851182868775
9 s9 3 c3 0.521871826032 0.563 0.603520028592 3 2 0.111136797716 2 1 0 2 0 0.583505208065 2 2 0 1 0 0 1 1 0.305357994218
9 s9 4 c4 0.175493699809 0.207269155206 0.241830057274 3 2 0 2 1 0 2 0 0 2 2 0.26767766071 1 0 0 1 1 0.73232233929
