10 #m
5 #n
0 s0 0 c0 0.25679783848 0.294557097118 0.334436801327 3 0 0.29434436003 1 0 0 3 2 0 1 1 0.70565563997 2 1 0
0 s0 1 c1 0 0.0 0 3 0 0 1 0 0 3 2 0 1 1 1.0 2 1 0
0 s0 2 c2 0.0692114118152 0.0911823647295 0.117153286144 3 0 0 1 0 0 3 2 0 1 1 0.954715354557 2 1 0.0452846454431
0 s0 3 c3 0.0604119432723 0.0814432989691 0.106695436674 3 0 0 1 0 0 3 2 0 1 1 1.0 2 1 0
0 s0 4 c4 0.0395647933398 0.0567164179104 0.0782024014504 3 0 0 1 0 0 3 2 0.105422197714 1 1 0.894577802286 2 1 0
1 s1 0 c0 0.344076882721 0.383466135458 0.423976158321 3 0 0.495672152102 1 0 0.0184811962734 3 2 0 1 1 0.485846651625 2 1 0
1 s1 1 c1 0.0666447949068 0.0878378378378 0.112915775202 3 0 0 1 0 0 3 2 0 1 1 1.0 2 1 0
1 s1 2 c2 0 0.0 0 3 0 0 1 0 0 3 2 0 1 1 1.0 2 1 0
1 s1 3 c3 0.0536021116142 0.0731225296443 0.0967726974264 3 0 0 1 0 0 3 2 0 1 1 1.0 2 1 0
1 s1 4 c4 0.0208506080759 0.0340557275542 0.0520302041753 3 0 0 1 0 0 3 2 0.0817690703794 1 1 0.918230929621 2 1 0
2 s2 0 c0 0.410337935133 0.449905482042 0.489929913358 3 0 0.567935308878 1 0 0 3 2 0 1 1 0.432064691122 2 1 0
2 s2 1 c1 0 0.0 0 3 0 0 1 0 0 3 2 0 1 1 1.0 2 1 0
2 s2 2 c2 0.0761400905422 0.0984703632887 0.124543742885 3 0 0 1 0 0 3 2 0 1 1 0.892532359243 2 1 0.107467640757
2 s2 3 c3 0.0735477990415 0.0969827586207 0.124658671145 3 0 0 1 0 0 3 2 0 1 1 1.0 2 1 0
2 s2 4 c4 0.0206935095739 0.0335305719921 0.0509281826793 3 0 0 1 0 0 3 2 0.0967287934658 1 1 0.903271206534 2 1 0
3 s3 0 c0 0.36967406202 0.41113490364 0.45351468777 3 0 0.487577213639 1 0 0.0796406934761 3 2 0 1 1 0.432782092885 2 1 0
3 s3 1 c1 0.113849434272 0.141248720573 0.172217519716 3 0 0 1 0 0 3 2 0 1 1 1.0 2 1 0
3 s3 2 c2 0.0388459392722 0.0565031982942 0.0788114329414 3 0 0 1 0 0 3 2 0 1 1 0.940662795494 2 1 0.0593372045061
3 s3 3 c3 0.0947587197566 0.120331950207 0.149740381128 3 0 0 1 0 0 3 2 0 1 1 1.0 2 1 0
3 s3 4 c4 0.0370418481299 0.054110301769 0.0757444187912 3 0 0 1 0 0 3 2 0.127607613414 1 1 0.872392386586 2 1 0
4 s4 0 c0 0.131679208965 0.160955347871 0.193650314993 3 0 0.16539825078 1 0 0.0100597789205 3 2 0 1 1 0.8245419703 2 1 0
4 s4 1 c1 0.171862009066 0.204102564103 0.23928417393 3 0 0 1 0 0 3 2 0 1 1 1.0 2 1 0
4 s4 2 c2 0.145461821745 0.175350701403 0.208395194597 3 0 0 1 0 0 3 2 0 1 1 0.805647389516 2 1 0.194352610484
4 s4 3 c3 0.15376856007 0.183752417795 0.216701241006 3 0 0 1 0 0 3 2 0 1 1 1.0 2 1 0
4 s4 4 c4 0.085552917195 0.109657947686 0.13758961693 3 0 0 1 0 0 3 2 0.38778379722 1 1 0.61221620278 2 1 0
5 s5 0 c0 0.271976888927 0.309072781655 0.348008351214 3 0 0.358282238573 1 0 0.16948997398 3 2 0 1 1 0.472227787448 2 1 0
5 s5 1 c1 0.103228279582 0.12890625 0.158108642987 3 0 0 1 0 0 3 2 0 1 1 1.0 2 1 0
5 s5 2 c2 0.106395609846 0.132239382239 0.161534232541 3 0 0 1 0 0 3 2 0 1 1 0.879825557248 2 1 0.120174442752
5 s5 3 c3 0.0739434579217 0.0967413441955 0.12354699539 3 0 0 1 0 0 3 2 0 1 1 1.0 2 1 0
5 s5 4 c4 0.0708324690316 0.093 0.119140725818 3 0 0 1 0 0 3 2 0.283772547687 1 1 0.716227452313 2 1 0
6 s6 0 c0 0.181515801724 0.214070351759 0.24940836485 3 0 0.19803042564 1 0 0.442047214189 3 2 0 1 1 0.359922360171 2 1 0
6 s6 1 c1 0 0.0 0 3 0 0 1 0 0 3 2 0 1 1 1.0 2 1 0
6 s6 2 c2 0.0456821003901 0.064 0.0865950393473 3 0 0 1 0 0 3 2 0 1 1 1.0 2 1 0
6 s6 3 c3 0.0238919567365 0.0375865479723 0.0558060826989 3 0 0 1 0 0 3 2 0 1 1 1.0 2 1 0
6 s6 4 c4 0.0201698971586 0.0332294911734 0.0510994814871 3 0 0 1 0 0 3 2 0.0703852882552 1 1 0.929614711745 2 1 0
7 s7 0 c0 0.447788587373 0.488955823293 0.530230087021 3 0 0.603681255145 1 0 0.102228599205 3 2 0 1 1 0.294090145651 2 1 0
7 s7 1 c1 0.171867687314 0.203574975174 0.238134280008 3 0 0 1 0 0 3 2 0 1 1 1.0 2 1 0
7 s7 2 c2 0 0.0 0 3 0 0 1 0 0 3 2 0 1 1 1.0 2 1 0
7 s7 3 c3 0.164876427858 0.196875 0.231934743994 3 0 0 1 0 0 3 2 0 1 1 1.0 2 1 0
7 s7 4 c4 0.0469120772976 0.0655241935484 0.0884318818457 3 0 0 1 0 0 3 2 0.148067701624 1 1 0.851932298376 2 1 0
8 s8 0 c0 0 0.0 0 3 0 0 1 0 0 3 2 0 1 1 1.0 2 1 0
8 s8 1 c1 0.0211187332409 0.0347826086957 0.0534645905761 3 0 0 1 0 0 3 2 0 1 1 1.0 2 1 0
8 s8 2 c2 0.23939701112 0.274779195289 0.312298489274 3 0 0 1 0 0 3 2 0 1 1 0.773263463649 2 1 0.226736536351
8 s8 3 c3 0.110544535934 0.13698630137 0.166880533649 3 0 0 1 0 0 3 2 0 1 1 1.0 2 1 0
8 s8 4 c4 0.0241867182741 0.0383022774327 0.0571482212722 3 0 0 1 0 0 3 2 0.109102851231 1 1 0.890897148769 2 1 0
9 s9 0 c0 0 0.0 0 3 0 0 1 0 0.10320786274 3 2 0 1 1 0.89679213726 2 1 0
9 s9 1 c1 0 0.0 0 3 0 0 1 0 0 3 2 0 1 1 1.0 2 1 0
9 s9 2 c2 0.145018341887 0.174825174825 0.207783256386 3 0 0 1 0 0 3 2 0 1 1 0.891282221666 2 1 0.108717778334
9 s9 3 c3 0.127075749019 0.155737704918 0.187825466133 3 0 0 1 0 0 3 2 0 1 1 1.0 2 1 0
9 s9 4 c4 0.0389780773301 0.0558823529412 0.0770653578138 3 0 0 1 0 0 3 2 0.12245656063 1 1 0.87754343937 2 1 0
