10 #m
5 #n
0 s0 0 c0 0 0.0 0 3 2 0 2 1 0 2 0 0 2 2 0 1 0 0 1 1 1.0
0 s0 1 c1 0.062057028943 0.0828402366864 0.107644632378 3 2 0 2 1 0 2 0 0 2 2 0 1 0 0 1 1 1.0
0 s0 2 c2 0.0517442338461 0.0709359605911 0.0942678580693 3 2 0 2 1 0.0993543005087 2 0 0 2 2 0 1 0 0 1 1 0.900645699491
0 s0 3 c3 0.245515575967 0.282291666667 0.321261105258 3 2 0.333235741858 2 1 0 2 0 0.270734055816 2 2 0 1 0 0 1 1 0.396030202326
0 s0 4 c4 0.239254726033 0.274900398406 0.3127141547 3 2 0 2 1 0 2 0 0 2 2 0.333235741858 1 0 0 1 1 0.666764258142
1 s1 0 c0 0.0472002356286 0.0659229208925 0.0889633220085 3 2 0 2 1 0 2 0 0 2 2 0 1 0 0 1 1 1.0
1 s1 1 c1 0.00760295648707 0.016016016016 0.0293124744014 3 2 0 2 1 0 2 0 0 2 2 0 1 0 0 1 1 1.0
1 s1 2 c2 0.478257886684 0.52 0.561544094361 3 2 0 2 1 0.334243120012 2 0 0.36904201063 2 2 0 1 0 0 1 1 0.296714869358
1 s1 3 c3 0.00262683721371 0.00815494393476 0.0188361146996 3 2 0.0277245346125 2 1 0 2 0 0 2 2 0 1 0 0 1 1 0.972275465387
1 s1 4 c4 0.116405355623 0.144024514811 0.175177617502 3 2 0 2 1 0 2 0 0 2 2 0.165959283673 1 0 0.0391066182274 1 1 0.7949340981
2 s2 0 c0 0.0110745788613 0.0209163346614 0.0355365527754 3 2 0 2 1 0 2 0 0 2 2 0 1 0 0 1 1 1.0
2 s2 1 c1 0.271017153027 0.309600862999 0.350170582683 3 2 0 2 1 0 2 0 0 2 2 0 1 0 0 1 1 1.0
2 s2 2 c2 0.0825006781193 0.105667627281 0.132525539917 3 2 0 2 1 0.184816883593 2 0 0 2 2 0 1 0 0 1 1 0.815183116407
2 s2 3 c3 0.136921489798 0.166495375128 0.199396388543 3 2 0.55309898075 2 1 0 2 0 0.0244898800751 2 2 0 1 0 0 1 1 0.422411139175
2 s2 4 c4 0.398889247482 0.439716312057 0.481133005336 3 2 0 2 1 0 2 0 0 2 2 0.785229374887 1 0 0 1 1 0.214770625113
3 s3 0 c0 0.165742369288 0.198481561822 0.234392016179 3 2 0 2 1 0 2 0 0 2 2 0 1 0 0 1 1 1.0
3 s3 1 c1 0.0149419727199 0.0259117082534 0.0414128804373 3 2 0 2 1 0 2 0 0 2 2 0 1 0 0 1 1 1.0
3 s3 2 c2 0.0149219671989 0.0261832829809 0.0422003279598 3 2 0 2 1 0.054044479748 2 0 0 2 2 0 1 0 0 1 1 0.945955520252
3 s3 3 c3 0.498751251287 0.539920159681 0.580704518386 3 2 0.064984073118 2 1 0 2 0 0.552849878535 2 2 0 1 0 0 1 1 0.382166048347
3 s3 4 c4 0.341385916603 0.380392156863 0.420530606449 3 2 0 2 1 0 2 0 0 2 2 0.621343444951 1 0 0.054044479748 1 1 0.324612075301
4 s4 0 c0 0.111485127399 0.137291280148 0.166366151785 3 2 0 2 1 0 2 0 0 2 2 0 1 0 0 1 1 1.0
4 s4 1 c1 0.0740969308829 0.0962463907603 0.122186304663 3 2 0 2 1 0 2 0 0 2 2 0 1 0 0 1 1 1.0
4 s4 2 c2 0.196347324566 0.229411764706 0.265044075558 3 2 0 2 1 0.176828970073 2 0 0.188574296127 2 2 0 1 0 0 1 1 0.634596733799
4 s4 3 c3 0.0679109954169 0.090241343127 0.116772893921 3 2 0.229404836127 2 1 0 2 0 0 2 2 0 1 0 0 1 1 0.770595163873
4 s4 4 c4 0.314681982376 0.353535353535 0.39381780366 3 2 0 2 1 0 2 0 0 2 2 0.503494581108 1 0 0.176828970073 1 1 0.319676448819
5 s5 0 c0 0.00425265441185 0.0107948969578 0.0222254833147 3 2 0 2 1 0 2 0 0 2 2 0 1 0 0 1 1 1.0
5 s5 1 c1 0.149422126134 0.180041152263 0.213853394578 3 2 0 2 1 0 2 0 0 2 2 0 1 0 0 1 1 1.0
5 s5 2 c2 0.0645712224108 0.0854126679463 0.110140429849 3 2 0 2 1 0.153456933071 2 0 0 2 2 0 1 0 0 1 1 0.846543066929
5 s5 3 c3 0.3525884101 0.393117831074 0.434723652593 3 2 0.311068476531 2 1 0 2 0 0.447308625157 2 2 0 1 0 0 1 1 0.241622898312
5 s5 4 c4 0.217589147391 0.251700680272 0.288146442085 3 2 0 2 1 0 2 0 0 2 2 0.333593632572 1 0 0 1 1 0.666406367428
6 s6 0 c0 0.0210323439459 0.0338164251208 0.0510634731951 3 2 0 2 1 0 2 0 0 2 2 0 1 0 0 1 1 1.0
6 s6 1 c1 0.156325484416 0.187122736419 0.220971926074 3 2 0 2 1 0 2 0 0 2 2 0 1 0 0 1 1 1.0
6 s6 2 c2 0.188809470282 0.2215628091 0.256982822639 3 2 0 2 1 0.091616177817 2 0 0.0942775054493 2 2 0 1 0 0 1 1 0.814106316734
6 s6 3 c3 0.141985909039 0.171717171717 0.204665921929 3 2 0.361805258617 2 1 0 2 0 0.0686458206087 2 2 0 1 0 0 1 1 0.569548920774
6 s6 4 c4 0.324441193187 0.362840466926 0.402528133702 3 2 0 2 1 0 2 0 0 2 2 0.56797655266 1 0 0.091616177817 1 1 0.340407269523
7 s7 0 c0 0.169033561899 0.20019436346 0.234177914515 3 2 0 2 1 0 2 0 0 2 2 0 1 0 0 1 1 1.0
7 s7 1 c1 0.0960907640585 0.121364092277 0.150334045205 3 2 0 2 1 0 2 0 0 2 2 0 1 0 0 1 1 1.0
7 s7 2 c2 0.20756271851 0.242236024845 0.279492344639 3 2 0 2 1 0.123233378072 2 0 0.0645238342043 2 2 0 1 0 0 1 1 0.812242787724
7 s7 3 c3 0.0343056070141 0.0503455083909 0.0707549140467 3 2 0.108474123915 2 1 0 2 0 0 2 2 0 1 0 0 1 1 0.891525876085
7 s7 4 c4 0.326755292177 0.366459627329 0.407499336623 3 2 0 2 1 0 2 0 0 2 2 0.543141898988 1 0 0 1 1 0.456858101012
8 s8 0 c0 0 0.0 0 3 2 0 2 1 0 2 0 0 2 2 0 1 0 0 1 1 1.0
8 s8 1 c1 0.133948480593 0.162837162837 0.194995216522 3 2 0 2 1 0 2 0 0 2 2 0 1 0 0 1 1 1.0
8 s8 2 c2 0.132277259083 0.160541586074 0.191992002702 3 2 0 2 1 0.275588564396 2 0 0.0352854134921 2 2 0 1 0 0 1 1 0.689126022112
8 s8 3 c3 0.155489255548 0.185954500495 0.219431308073 3 2 0.306560236102 2 1 0 2 0 0.141311168291 2 2 0 1 0 0 1 1 0.552128595607
8 s8 4 c4 0.293732232355 0.331074540174 0.369996467633 3 2 0 2 1 0 2 0 0 2 2 0.481818678364 1 0 0 1 1 0.518181321636
9 s9 0 c0 0.021482162573 0.0348004094166 0.0528387693229 3 2 0 2 1 0 2 0 0 2 2 0 1 0 0 1 1 1.0
9 s9 1 c1 0.0452833037581 0.0630975143403 0.0850076414128 3 2 0 2 1 0 2 0 0 2 2 0 1 0 0 1 1 1.0
9 s9 2 c2 0.570418025679 0.611336032389 0.651165857054 3 2 0 2 1 0.129468692766 2 0 0.583505208065 2 2 0 1 0 0 1 1 0.287026099168
9 s9 3 c3 0.10306025495 0.128475551294 0.157354598599 3 2 0.111136797716 2 1 0 2 0 0.106015615709 2 2 0 1 0 0 1 1 0.782847586575
9 s9 4 c4 0.184159406202 0.216535433071 0.251613250364 3 2 0 2 1 0 2 0 0 2 2 0.26767766071 1 0 0 1 1 0.73232233929
