10 #m
5 #n
0 s0 0 c0 0.179202828905 0.211143695015 0.24581924462 1 0 0 1 1 1.0 2 1 0 2 2 0
0 s0 1 c1 0.0405411888731 0.0581039755352 0.0800931316251 1 0 0.147100881512 1 1 0.852899118488 2 1 0 2 2 0
0 s0 2 c2 0.229064320718 0.265458422175 0.304272121147 1 0 0 1 1 0.765309639339 2 1 0.234690360661 2 2 0
0 s0 3 c3 0.0619371602277 0.0828343313373 0.10780147414 1 0 0 1 1 0.851278365919 2 1 0 2 2 0.148721634081
0 s0 4 c4 0 0.0 0 1 0 0 1 1 1.0 2 1 0 2 2 0
1 s1 0 c0 0.249358367303 0.286157024793 0.325092004484 1 0 0 1 1 1.0 2 1 0 2 2 0
1 s1 1 c1 0 0.0 0 1 0 0.175902410474 1 1 0.824097589526 2 1 0 2 2 0
1 s1 2 c2 0.299473366798 0.338114754098 0.378358769893 1 0 0 1 1 0.750701595832 2 1 0.249298404168 2 2 0
1 s1 3 c3 0 0.0 0 1 0 0 1 1 0.935473603492 2 1 0 2 2 0.064526396508
1 s1 4 c4 0 0.0 0 1 0 0 1 1 1.0 2 1 0 2 2 0
2 s2 0 c0 0.0857710803438 0.109300095877 0.13647765965 1 0 0 1 1 1.0 2 1 0 2 2 0
2 s2 1 c1 0 0.0 0 1 0 0.19979913345 1 1 0.80020086655 2 1 0 2 2 0
2 s2 2 c2 0.325574090106 0.364933741081 0.405623265015 1 0 0 1 1 0.672516570276 2 1 0.327483429724 2 2 0
2 s2 3 c3 0.0425490271922 0.0603621730382 0.0825182179266 1 0 0 1 1 0.864734027714 2 1 0 2 2 0.135265972286
2 s2 4 c4 0 0.0 0 1 0 0 1 1 1.0 2 1 0 2 2 0
3 s3 0 c0 0.0526449824951 0.0719921104536 0.0954725182529 1 0 0 1 1 1.0 2 1 0 2 2 0
3 s3 1 c1 0.0615637777275 0.0824949698189 0.107532825547 1 0 0.557446813294 1 1 0.442553186706 2 1 0 2 2 0
3 s3 2 c2 0.0782588831565 0.101871101871 0.129520840537 1 0 0 1 1 0.813261425204 2 1 0.186738574796 2 2 0
3 s3 3 c3 0.0388991060167 0.0563674321503 0.078389834506 1 0 0 1 1 0.976987591065 2 1 0 2 2 0.0230124089346
3 s3 4 c4 0 0.0 0 1 0 0 1 1 1.0 2 1 0 2 2 0
4 s4 0 c0 0.0605643176392 0.0813253012048 0.106196832498 1 0 0 1 1 1.0 2 1 0 2 2 0
4 s4 1 c1 0.0285595321569 0.0435663627153 0.0631381114679 1 0 0.57888588275 1 1 0.42111411725 2 1 0 2 2 0
4 s4 2 c2 0.227515645784 0.263948497854 0.302832395481 1 0 0 1 1 0.58589062057 2 1 0.41410937943 2 2 0
4 s4 3 c3 0 0.0 0 1 0 0 1 1 0.863734614867 2 1 0 2 2 0.136265385133
4 s4 4 c4 0 0.0 0 1 0 0 1 1 1.0 2 1 0 2 2 0
5 s5 0 c0 0.00152280020081 0.00593471810089 0.0154154290125 1 0 0 1 1 1.0 2 1 0 2 2 0
5 s5 1 c1 0 0.0 0 1 0 0.386477105058 1 1 0.613522894942 2 1 0 2 2 0
5 s5 2 c2 0.379570448955 0.419642857143 0.460484831585 1 0 0 1 1 0.694762526368 2 1 0.305237473632 2 2 0
5 s5 3 c3 0.00383839211043 0.010298661174 0.021907752189 1 0 0 1 1 0.688673181153 2 1 0 2 2 0.311326818847
5 s5 4 c4 0 0.0 0 1 0 0 1 1 1.0 2 1 0 2 2 0
6 s6 0 c0 0.078939206533 0.102459016393 0.129951678608 1 0 0 1 1 1.0 2 1 0 2 2 0
6 s6 1 c1 0.00308440076773 0.00884086444008 0.0195388570038 1 0 0.738350643792 1 1 0.261649356208 2 1 0 2 2 0
6 s6 2 c2 0.412892275466 0.453294001967 0.4941389795 1 0 0 1 1 0.848945835602 2 1 0.151054164398 2 2 0
6 s6 3 c3 0 0.0 0 1 0 0 1 1 0.944392542339 2 1 0 2 2 0.0556074576609
6 s6 4 c4 0 0.0 0 1 0 0 1 1 1.0 2 1 0 2 2 0
7 s7 0 c0 0.200606825433 0.234126984127 0.270200182212 1 0 0 1 1 1.0 2 1 0 2 2 0
7 s7 1 c1 0 0.0 0 1 0 0.34025147101 1 1 0.65974852899 2 1 0 2 2 0
7 s7 2 c2 0.374695500644 0.413407821229 0.452898192273 1 0 0 1 1 0.934096432653 2 1 0.0659035673469 2 2 0
7 s7 3 c3 0.0182381514078 0.0303326810176 0.0469912886657 1 0 0 1 1 0.912222194291 2 1 0 2 2 0.0877778057093
7 s7 4 c4 0.0164493279079 0.0281973816717 0.0446736345114 1 0 0 1 1 1.0 2 1 0 2 2 0
8 s8 0 c0 0.258210449703 0.294642857143 0.333044566902 1 0 0 1 1 1.0 2 1 0 2 2 0
8 s8 1 c1 0 0.0 0 1 0 0.210459321652 1 1 0.789540678348 2 1 0 2 2 0
8 s8 2 c2 0.257783480613 0.294234592445 0.332662884559 1 0 0 1 1 0.38980550593 2 1 0.61019449407 2 2 0
8 s8 3 c3 0.23767335046 0.273556231003 0.311658026714 1 0 0 1 1 0.920793086737 2 1 0 2 2 0.0792069132632
8 s8 4 c4 0.0224515106594 0.0358208955224 0.0537641095677 1 0 0 1 1 1.0 2 1 0 2 2 0
9 s9 0 c0 0.000345051299982 0.0030612244898 0.0111560075254 1 0 0 1 1 1.0 2 1 0 2 2 0
9 s9 1 c1 0 0.0 0 1 0 0.236421542869 1 1 0.763578457131 2 1 0 2 2 0
9 s9 2 c2 0.16891076245 0.200396825397 0.23476293504 1 0 0 1 1 0.76344182389 2 1 0.23655817611 2 2 0
9 s9 3 c3 0.196645948351 0.229366602687 0.26460094612 1 0 0 1 1 0.78825901117 2 1 0 2 2 0.21174098883
9 s9 4 c4 0 0.0 0 1 0 0 1 1 1.0 2 1 0 2 2 0
