10 #m
5 #n
0 s0 0 c0 0 0.0 0 3 2 0 3 1 0.167044588794 1 1 0.252113455338 2 2 0.580841955868
0 s0 1 c1 0.0753256541916 0.0980980980981 0.124795484362 3 2 0 3 1 0.116778932278 1 1 0.883221067722 2 2 0
0 s0 2 c2 0.0222203286611 0.0357142857143 0.053902117495 3 2 0 3 1 0 1 1 1.0 2 2 0
0 s0 3 c3 0.0591469393255 0.0802534318902 0.105697584396 3 2 0 3 1 0 1 1 1.0 2 2 0
0 s0 4 c4 0.394411524179 0.435924369748 0.478087124914 3 2 0 3 1 0 1 1 1.0 2 2 0
1 s1 0 c0 0 0.0 0 3 2 0 3 1 0.0807644383151 1 1 0.331598150583 2 2 0.587637411102
1 s1 1 c1 0.201308765601 0.235414534289 0.272142093639 3 2 0.288023109659 3 1 0.0807644383151 1 1 0.631212452026 2 2 0
1 s1 2 c2 0.164851934212 0.196196196196 0.23048786705 3 2 0 3 1 0 1 1 1.0 2 2 0
1 s1 3 c3 0.0390322326529 0.0563524590164 0.0781417658593 3 2 0 3 1 0 1 1 1.0 2 2 0
1 s1 4 c4 0.122859678909 0.150339476237 0.181112637224 3 2 0 3 1 0 1 1 1.0 2 2 0
2 s2 0 c0 0.0661760884018 0.0875122910521 0.112810097927 3 2 0 3 1 0.34590833796 1 1 0.594614549336 2 2 0.0594771127036
2 s2 1 c1 0.205199541886 0.238747553816 0.274769314896 3 2 0 3 1 0.330890935373 1 1 0.669109064627 2 2 0
2 s2 2 c2 0.0390726097934 0.0564102564103 0.0782209786014 3 2 0 3 1 0 1 1 1.0 2 2 0
2 s2 3 c3 0.0778492172928 0.101344364012 0.128861484599 3 2 0 3 1 0 1 1 1.0 2 2 0
2 s2 4 c4 0.159131408665 0.189773844641 0.223373061968 3 2 0 3 1 0 1 1 1.0 2 2 0
3 s3 0 c0 0 0.0 0 3 2 0 3 1 0.410750249143 1 1 0.558661445086 2 2 0.0305883057706
3 s3 1 c1 0.215208465797 0.249749247743 0.286718766098 3 2 0.388212764407 3 1 0.0225374847363 1 1 0.589249750857 2 2 0
3 s3 2 c2 0 0.0 0 3 2 0 3 1 0 1 1 1.0 2 2 0
3 s3 3 c3 0.20604199763 0.240663900415 0.277890110787 3 2 0 3 1 0 1 1 1.0 2 2 0
3 s3 4 c4 0.161829730334 0.192842942346 0.226815585178 3 2 0 3 1 0 1 1 1.0 2 2 0
4 s4 0 c0 0 0.0 0 3 2 0 3 1 0.0658987318304 1 1 0.58583856402 2 2 0.34826270415
4 s4 1 c1 0.104698793396 0.130268199234 0.159280846911 3 2 0.171969862705 3 1 0 1 1 0.828030137295 2 2 0
4 s4 2 c2 0.116502811792 0.144849785408 0.176901771998 3 2 0 3 1 0 1 1 1.0 2 2 0
4 s4 3 c3 0.138977682641 0.168336673347 0.200920546741 3 2 0 3 1 0 1 1 1.0 2 2 0
4 s4 4 c4 0.335002763924 0.373219373219 0.41259832582 3 2 0 3 1 0 1 1 1.0 2 2 0
5 s5 0 c0 0.0479808075232 0.0664711632454 0.089115348081 3 2 0 3 1 0.349156294645 1 1 0.615393455806 2 2 0.0354502495489
5 s5 1 c1 0.185064033829 0.216936251189 0.251415904335 3 2 0.349156294645 3 1 0 1 1 0.650843705355 2 2 0
5 s5 2 c2 0.0202730486819 0.0336956521739 0.0521512106943 3 2 0 3 1 0 1 1 1.0 2 2 0
5 s5 3 c3 0.0451961137458 0.0629770992366 0.0848473195671 3 2 0 3 1 0 1 1 1.0 2 2 0
5 s5 4 c4 0.0897294393006 0.114669421488 0.14348754525 3 2 0 3 1 0 1 1 1.0 2 2 0
6 s6 0 c0 0.0292941193391 0.0444444444444 0.0641353361087 3 2 0 3 1 0.684895184912 1 1 0.256983253095 2 2 0.0581215619932
6 s6 1 c1 0.285457466934 0.323262839879 0.36278806407 3 2 0.684895184912 3 1 0 1 1 0.315104815088 2 2 0
6 s6 2 c2 0 0.0 0 3 2 0 3 1 0 1 1 1.0 2 2 0
6 s6 3 c3 0.263213132623 0.299418604651 0.337502406852 3 2 0 3 1 0 1 1 1.0 2 2 0
6 s6 4 c4 0.0505314040768 0.0691287878788 0.0917217724808 3 2 0 3 1 0 1 1 1.0 2 2 0
7 s7 0 c0 0.0390065729162 0.0569550930997 0.0796783225475 3 2 0 3 1 0.143546671709 1 1 0.419898161549 2 2 0.436555166742
7 s7 1 c1 0.20405433934 0.237672583826 0.273794566009 3 2 0.344342462732 3 1 0 1 1 0.655657537268 2 2 0
7 s7 2 c2 0.0221336905108 0.0350710900474 0.0523706834879 3 2 0 3 1 0 1 1 1.0 2 2 0
7 s7 3 c3 0.0568013240106 0.0766246362755 0.100464956822 3 2 0 3 1 0 1 1 1.0 2 2 0
7 s7 4 c4 0.0926577369291 0.117827868852 0.146811406435 3 2 0 3 1 0 1 1 1.0 2 2 0
8 s8 0 c0 0.0649249496708 0.0864699898271 0.112126215964 3 2 0 3 1 0.376339442117 1 1 0.468705929284 2 2 0.154954628599
8 s8 1 c1 0.242138154972 0.277507302824 0.314971004187 3 2 0 3 1 0.376339442117 1 1 0.623660557883 2 2 0
8 s8 2 c2 0.0185008151223 0.0310559006211 0.0484349311506 3 2 0 3 1 0 1 1 1.0 2 2 0
8 s8 3 c3 0.0220392578877 0.0354251012146 0.0534697689825 3 2 0 3 1 0 1 1 1.0 2 2 0
8 s8 4 c4 0.0893907686399 0.114649681529 0.143895091195 3 2 0 3 1 0 1 1 1.0 2 2 0
9 s9 0 c0 0 0.0 0 3 2 0 3 1 0 1 1 0.838840165769 2 2 0.161159834231
9 s9 1 c1 0.0320175284703 0.047619047619 0.0676426647464 3 2 0.0495272566353 3 1 0 1 1 0.950472743365 2 2 0
9 s9 2 c2 0.0812726419089 0.1044921875 0.131476259444 3 2 0 3 1 0 1 1 1.0 2 2 0
9 s9 3 c3 0.038483488457 0.055179090029 0.0761063274109 3 2 0 3 1 0 1 1 1.0 2 2 0
9 s9 4 c4 0.14816348983 0.177974434612 0.210856168901 3 2 0 3 1 0 1 1 1.0 2 2 0
