10 #m
5 #n
0 s0 0 c0 0 0.0 0 3 2 0 2 1 0 2 0 0 2 2 0 1 0 0 1 1 1.0
0 s0 1 c1 0.062057028943 0.0828402366864 0.107644632378 3 2 0 2 1 0 2 0 0 2 2 0 1 0 0 1 1 1.0
0 s0 2 c2 0.206644823021 0.24039408867 0.276618479059 3 2 0 2 1 0.0993543005087 2 0 0.0865765546352 2 2 0 1 0 0 1 1 0.814069144856
0 s0 3 c3 0.0979266222576 0.123046875 0.151748856966 3 2 0.333235741858 2 1 0 2 0 0 2 2 0 1 0 0 1 1 0.666764258142
0 s0 4 c4 0.222232706934 0.256166982922 0.29233852512 3 2 0 2 1 0 2 0 0 2 2 0.333235741858 1 0 0 1 1 0.666764258142
1 s1 0 c0 0.0589632133728 0.078897338403 0.102744751343 3 2 0 2 1 0 2 0 0 2 2 0 1 0 0 1 1 1.0
1 s1 1 c1 0.00578981075719 0.0134436401241 0.0261966116164 3 2 0 2 1 0 2 0 0 2 2 0 1 0 0 1 1 1.0
1 s1 2 c2 0.314033652238 0.352589641434 0.392563771044 3 2 0 2 1 0.664178512415 2 0 0.130755585685 2 2 0 1 0 0 1 1 0.2050659019
1 s1 3 c3 0.00113045147148 0.00523560209424 0.0147456645932 3 2 0.0277245346125 2 1 0 2 0 0 2 2 0 1 0 0 1 1 0.972275465387
1 s1 4 c4 0.167307268235 0.198616600791 0.232811744446 3 2 0 2 1 0 2 0 0 2 2 0.2050659019 1 0 0.295136501785 1 1 0.499797596315
2 s2 0 c0 0.0914534653489 0.1164453524 0.145253072215 3 2 0 2 1 0 2 0 0 2 2 0 1 0 0 1 1 1.0
2 s2 1 c1 0.246866208251 0.282868525896 0.320961854834 3 2 0 2 1 0 2 0 0 2 2 0 1 0 0 1 1 1.0
2 s2 2 c2 0.0616939700227 0.0829875518672 0.108511807705 3 2 0 2 1 0.194848785659 2 0 0 2 2 0 1 0 0 1 1 0.805151214341
2 s2 3 c3 0.132203261354 0.160749506903 0.19254319662 3 2 0.55309898075 2 1 0 2 0 0.0244898800751 2 2 0 1 0 0 1 1 0.422411139175
2 s2 4 c4 0.416901128621 0.457311089303 0.498125373372 3 2 0 2 1 0 2 0 0 2 2 0.805151214341 1 0 0.164895044139 1 1 0.0299537415201
3 s3 0 c0 0.185650166861 0.218253968254 0.253564504175 3 2 0 2 1 0 2 0 0 2 2 0 1 0 0 1 1 1.0
3 s3 1 c1 0.0180497204009 0.030303030303 0.047271081089 3 2 0 2 1 0 2 0 0 2 2 0 1 0 0 1 1 1.0
3 s3 2 c2 0.0615637777275 0.0824949698189 0.107532825547 3 2 0 2 1 0.054044479748 2 0 0 2 2 0 1 0 0 1 1 0.945955520252
3 s3 3 c3 0.382560404345 0.421395348837 0.460935882935 3 2 0.064984073118 2 1 0 2 0 0.43394405216 2 2 0 1 0 0 1 1 0.501071874722
3 s3 4 c4 0.371869404679 0.412060301508 0.45310448789 3 2 0 2 1 0 2 0 0 2 2 0.621343444951 1 0 0.054044479748 1 1 0.324612075301
4 s4 0 c0 0.134259526065 0.163730569948 0.196584862998 3 2 0 2 1 0 2 0 0 2 2 0 1 0 0 1 1 1.0
4 s4 1 c1 0.0745152493413 0.0971943887776 0.12381170258 3 2 0 2 1 0 2 0 0 2 2 0 1 0 0 1 1 1.0
4 s4 2 c2 0.0657324633301 0.0867888138862 0.111736713197 3 2 0 2 1 0.188574296127 2 0 0 2 2 0 1 0 0 1 1 0.811425703873
4 s4 3 c3 0.0679109954169 0.090241343127 0.116772893921 3 2 0.229404836127 2 1 0 2 0 0 2 2 0 1 0 0 1 1 0.770595163873
4 s4 4 c4 0.361932079487 0.40202020202 0.443063925845 3 2 0 2 1 0 2 0 0 2 2 0.680323551181 1 0 0 1 1 0.319676448819
5 s5 0 c0 0.00425265441185 0.0107948969578 0.0222254833147 3 2 0 2 1 0 2 0 0 2 2 0 1 0 0 1 1 1.0
5 s5 1 c1 0.0792681155818 0.102880658436 0.130478159438 3 2 0 2 1 0 2 0 0 2 2 0 1 0 0 1 1 1.0
5 s5 2 c2 0.206627792935 0.239923224568 0.275633598356 3 2 0 2 1 0.153456933071 2 0 0 2 2 0 1 0 0 1 1 0.846543066929
5 s5 3 c3 0.0868538870414 0.11157455683 0.140242753949 3 2 0.311068476531 2 1 0 2 0 0.0225251560409 2 2 0 1 0 0 1 1 0.666406367428
5 s5 4 c4 0.232382246212 0.267249757046 0.30430455579 3 2 0 2 1 0 2 0 0 2 2 0.333593632572 1 0 0.153456933071 1 1 0.512949434357
6 s6 0 c0 0.0210323439459 0.0338164251208 0.0510634731951 3 2 0 2 1 0 2 0 0 2 2 0 1 0 0 1 1 1.0
6 s6 1 c1 0.156325484416 0.187122736419 0.220971926074 3 2 0 2 1 0 2 0 0 2 2 0 1 0 0 1 1 1.0
6 s6 2 c2 0.241336034937 0.276953511375 0.314704234341 3 2 0 2 1 0.185893683266 2 0 0.246129764074 2 2 0 1 0 0 1 1 0.56797655266
6 s6 3 c3 0.141985909039 0.171717171717 0.204665921929 3 2 0.361805258617 2 1 0 2 0 0.0686458206087 2 2 0 1 0 0 1 1 0.569548920774
6 s6 4 c4 0.324441193187 0.362840466926 0.402528133702 3 2 0 2 1 0 2 0 0 2 2 0.56797655266 1 0 0.091616177817 1 1 0.340407269523
7 s7 0 c0 0.169033561899 0.20019436346 0.234177914515 3 2 0 2 1 0 2 0 0 2 2 0 1 0 0 1 1 1.0
7 s7 1 c1 0.0960907640585 0.121364092277 0.150334045205 3 2 0 2 1 0 2 0 0 2 2 0 1 0 0 1 1 1.0
7 s7 2 c2 0.20756271851 0.242236024845 0.279492344639 3 2 0 2 1 0.123233378072 2 0 0.0645238342043 2 2 0 1 0 0 1 1 0.812242787724
7 s7 3 c3 0.356353960889 0.395853899309 0.436346421346 3 2 0.108474123915 2 1 0 2 0 0.434667775073 2 2 0 1 0 0 1 1 0.456858101012
7 s7 4 c4 0.326755292177 0.366459627329 0.407499336623 3 2 0 2 1 0 2 0 0 2 2 0.543141898988 1 0 0 1 1 0.456858101012
8 s8 0 c0 0.0636653258142 0.0854430379747 0.111496748696 3 2 0 2 1 0 2 0 0 2 2 0 1 0 0 1 1 1.0
8 s8 1 c1 0.241580628142 0.277227722772 0.315007553543 3 2 0 2 1 0 2 0 0 2 2 0 1 0 0 1 1 1.0
8 s8 2 c2 0.149838190081 0.179764243615 0.212740751039 3 2 0 2 1 0.310873977888 2 0 0.0659961754564 2 2 0 1 0 0 1 1 0.623129846655
8 s8 3 c3 0.0880698617886 0.112576064909 0.140910340589 3 2 0.306560236102 2 1 0 2 0 0 2 2 0 1 0 0 1 1 0.693439763898
8 s8 4 c4 0.292391015533 0.33033033033 0.369910585547 3 2 0 2 1 0 2 0 0 2 2 0.481818678364 1 0 0 1 1 0.518181321636
9 s9 0 c0 0.0400673630551 0.0578338590957 0.0801714534517 3 2 0 2 1 0 2 0 0 2 2 0 1 0 0 1 1 1.0
9 s9 1 c1 0.088433292206 0.11252446184 0.140308033164 3 2 0 2 1 0 2 0 0 2 2 0 1 0 0 1 1 1.0
9 s9 2 c2 0.264336253646 0.300285986654 0.33807539719 3 2 0 2 1 0.712973900832 2 0 0 2 2 0 1 0 0 1 1 0.287026099168
9 s9 3 c3 0.0904045303265 0.115 0.143344947277 3 2 0.111136797716 2 1 0 2 0 0.08666717725 2 2 0 1 0 0 1 1 0.802196025034
9 s9 4 c4 0.175493699809 0.207269155206 0.241830057274 3 2 0 2 1 0 2 0 0 2 2 0.26767766071 1 0 0 1 1 0.73232233929
