10 #m
5 #n
0 s0 0 c0 0 0.0 0 3 2 0 3 3 0.339872505042 2 1 0 2 2 0 1 0 0 1 1 0.660127494958
0 s0 1 c1 0.236013105835 0.271983640082 0.310209275563 3 2 0 3 3 0 2 1 0 2 2 0 1 0 0 1 1 1.0
0 s0 2 c2 0.0134420708365 0.0242179616549 0.0397871714257 3 2 0 3 3 0 2 1 0 2 2 0 1 0 0.0417763078103 1 1 0.95822369219
0 s0 3 c3 0.0119547092912 0.0221997981837 0.0372678464904 3 2 0 3 3 0 2 1 0 2 2 0 1 0 0 1 1 1.0
0 s0 4 c4 0 0.0 0 3 2 0 3 3 0 2 1 0 2 2 0.115451575005 1 0 0 1 1 0.884548424995
1 s1 0 c0 0.00484635692333 0.0117302052786 0.0234621575044 3 2 0 3 3 0.113876268109 2 1 0 2 2 0 1 0 0 1 1 0.886123731891
1 s1 1 c1 0.194784707768 0.22921108742 0.266433631569 3 2 0 3 3 0 2 1 0 2 2 0 1 0 0 1 1 1.0
1 s1 2 c2 0.0293239575844 0.0444893832154 0.0641995118025 3 2 0.185302613963 3 3 0 2 1 0 2 2 0 1 0 0.12571898739 1 1 0.688978398647
1 s1 3 c3 0 0.0 0 3 2 0 3 3 0 2 1 0 2 2 0 1 0 0 1 1 1.0
1 s1 4 c4 0 0.0 0 3 2 0 3 3 0 2 1 0 2 2 0 1 0 0 1 1 1.0
2 s2 0 c0 0.0587372466937 0.0790513833992 0.103433758671 3 2 0 3 3 0.306861974592 2 1 0 2 2 0 1 0 0 1 1 0.693138025408
2 s2 1 c1 0.00808795767343 0.0166015625 0.0298665668233 3 2 0 3 3 0 2 1 0 2 2 0 1 0 0 1 1 1.0
2 s2 2 c2 0.172388192729 0.203921568627 0.238267009057 3 2 0.0954339799604 3 3 0 2 1 0 2 2 0 1 0 0.282247997611 1 1 0.622318022429
2 s2 3 c3 0.0181790010209 0.030518819939 0.047604719365 3 2 0 3 3 0 2 1 0 2 2 0 1 0 0 1 1 1.0
2 s2 4 c4 0.0554847520085 0.0756646216769 0.100092215195 3 2 0 3 3 0 2 1 0 2 2 0.247812577339 1 0 0 1 1 0.752187422661
3 s3 0 c0 0 0.0 0 3 2 0 3 3 0.325934028751 2 1 0 2 2 0 1 0 0 1 1 0.674065971249
3 s3 1 c1 0.166200106628 0.198329853862 0.233512319199 3 2 0 3 3 0 2 1 0 2 2 0 1 0 0 1 1 1.0
3 s3 2 c2 0.0676679099974 0.0896130346232 0.115640505108 3 2 0.218177748624 3 3 0 2 1 0 2 2 0 1 0 0.0654069531541 1 1 0.716415298222
3 s3 3 c3 0.13547235661 0.164356435644 0.196465651945 3 2 0 3 3 0.125171093304 2 1 0 2 2 0 1 0 0 1 1 0.874828906696
3 s3 4 c4 0.0555996232046 0.0758196721311 0.100294584961 3 2 0 3 3 0 2 1 0 2 2 0.200762935447 1 0 0 1 1 0.799237064553
4 s4 0 c0 0.0479974651441 0.0666666666667 0.0895629809169 3 2 0 3 3 0.387491401748 2 1 0 2 2 0 1 0 0 1 1 0.612508598252
4 s4 1 c1 0 0.0 0 3 2 0 3 3 0 2 1 0 2 2 0 1 0 0 1 1 1.0
4 s4 2 c2 0.141659452392 0.17215727949 0.206036964172 3 2 0.195873597377 3 3 0 2 1 0 2 2 0 1 0 0.181635477901 1 1 0.622490924723
4 s4 3 c3 0.018347965566 0.0308008213552 0.0480406658245 3 2 0 3 3 0 2 1 0 2 2 0 1 0 0 1 1 1.0
4 s4 4 c4 0.0121518278197 0.0225641025641 0.0378746093876 3 2 0 3 3 0 2 1 0 2 2 0.323206610677 1 0 0 1 1 0.676793389323
5 s5 0 c0 0 0.0 0 3 2 0 3 3 0.642594182051 2 1 0 2 2 0 1 0 0 1 1 0.357405817949
5 s5 1 c1 0.127450507637 0.155255544841 0.18628777719 3 2 0 3 3 0 2 1 0 2 2 0 1 0 0 1 1 1.0
5 s5 2 c2 0.00148026656014 0.00576923076923 0.0149875744239 3 2 0 3 3 0 2 1 0 2 2 0 1 0 0.0193416504821 1 1 0.980658349518
5 s5 3 c3 0.0415038519468 0.0587102983638 0.0800863583908 3 2 0 3 3 0 2 1 0 2 2 0 1 0 0 1 1 1.0
5 s5 4 c4 0.0596303098872 0.0802407221665 0.104968854757 3 2 0 3 3 0 2 1 0.233046551152 2 2 0.231975061932 1 0 0 1 1 0.534978386916
6 s6 0 c0 5.17288839925e-06 0.00103199174407 0.00764244136499 3 2 0 3 3 0.757072457382 2 1 0 2 2 0 1 0 0 1 1 0.242927542618
6 s6 1 c1 0 0.0 0 3 2 0 3 3 0 2 1 0 2 2 0 1 0 0 1 1 1.0
6 s6 2 c2 0.0733989188161 0.0957551826259 0.1220052135 3 2 0.0134697437183 3 3 0 2 1 0 2 2 0 1 0 0.197835069826 1 1 0.788695186456
6 s6 3 c3 0.168225927476 0.20041536864 0.23562032046 3 2 0 3 3 0 2 1 0 2 2 0 1 0 0 1 1 1.0
6 s6 4 c4 0 0.0 0 3 2 0 3 3 0 2 1 0 2 2 0 1 0 0 1 1 1.0
7 s7 0 c0 0.0448775756496 0.0630630630631 0.0855401376572 3 2 0 3 3 0.363847883948 2 1 0 2 2 0 1 0 0 1 1 0.636152116052
7 s7 1 c1 0 0.0 0 3 2 0 3 3 0 2 1 0 2 2 0 1 0 0 1 1 1.0
7 s7 2 c2 0.100513586799 0.12625250501 0.155635167029 3 2 0.328046834157 3 3 0 2 1 0 2 2 0 1 0 0.055236372364 1 1 0.616716793479
7 s7 3 c3 0.102890924858 0.128378378378 0.157354144732 3 2 0 3 3 0 2 1 0 2 2 0 1 0 0 1 1 1.0
7 s7 4 c4 0.00156147880288 0.00608519269777 0.0158043699969 3 2 0 3 3 0 2 1 0.11610735591 2 2 0.0134595065166 1 0 0 1 1 0.870433137574
8 s8 0 c0 0 0.0 0 3 2 0 3 3 0.520325787043 2 1 0 2 2 0 1 0 0 1 1 0.479674212957
8 s8 1 c1 0 0.0 0 3 2 0 3 3 0 2 1 0 2 2 0 1 0 0 1 1 1.0
8 s8 2 c2 0.0667066330091 0.0882061446977 0.113691927374 3 2 0.137149602517 3 3 0 2 1 0 2 2 0 1 0 0.178633226572 1 1 0.684217170911
8 s8 3 c3 0.197150659623 0.230097087379 0.265579785524 3 2 0 3 3 0.20836197874 2 1 0 2 2 0 1 0 0 1 1 0.79163802126
8 s8 4 c4 0.0890692895042 0.113705583756 0.142162293964 3 2 0 3 3 0 2 1 0 2 2 0.311963808302 1 0 0 1 1 0.688036191698
9 s9 0 c0 0 0.0 0 3 2 0 3 3 0.630114037879 2 1 0 2 2 0 1 0 0 1 1 0.369885962121
9 s9 1 c1 0.0145680232363 0.0255653883972 0.0412124863686 3 2 0 3 3 0 2 1 0 2 2 0 1 0 0 1 1 1.0
9 s9 2 c2 0.0832621871305 0.106758080313 0.13400715947 3 2 0.109048050324 3 3 0 2 1 0 2 2 0 1 0 0.217050245674 1 1 0.673901704002
9 s9 3 c3 0 0.0 0 3 2 0 3 3 0 2 1 0 2 2 0 1 0 0 1 1 1.0
9 s9 4 c4 0 0.0 0 3 2 0 3 3 0 2 1 0.347123333962 2 2 0.14104677272 1 0 0 1 1 0.511829893318
