10 #m
5 #n
0 s0 0 c0 0.179202828905 0.211143695015 0.24581924462 1 0 0 1 1 1.0 2 1 0 2 2 0
0 s0 1 c1 0.0561938964054 0.0764525993884 0.100937432773 1 0 0 1 1 1.0 2 1 0 2 2 0
0 s0 2 c2 0.210873465529 0.246268656716 0.284282628028 1 0 0 1 1 0.592790915021 2 1 0.407209084979 2 2 0
0 s0 3 c3 0.120071596756 0.147704590818 0.178753204738 1 0 0 1 1 0.851278365919 2 1 0 2 2 0.148721634081
0 s0 4 c4 0 0.0 0 1 0 0 1 1 1.0 2 1 0 2 2 0
1 s1 0 c0 0.265445629865 0.301960784314 0.340352345963 1 0 0 1 1 1.0 2 1 0 2 2 0
1 s1 1 c1 0.0887998073277 0.113496932515 0.142044250487 1 0 0.0542207817915 1 1 0.945779218208 2 1 0 2 2 0
1 s1 2 c2 0.285214111804 0.3227408143 0.361968326283 1 0 0 1 1 0.750701595832 2 1 0.249298404168 2 2 0
1 s1 3 c3 0.017350317688 0.0288640595903 0.0447347973677 1 0 0 1 1 0.935473603492 2 1 0 2 2 0.064526396508
1 s1 4 c4 0 0.0 0 1 0 0 1 1 1.0 2 1 0 2 2 0
2 s2 0 c0 0.230106481621 0.264621284756 0.301318307496 1 0 0 1 1 1.0 2 1 0 2 2 0
2 s2 1 c1 0 0.0 0 1 0 0 1 1 1.0 2 1 0 2 2 0
2 s2 2 c2 0.327058841628 0.366197183099 0.406635605339 1 0 0 1 1 0.816716705394 2 1 0.183283294606 2 2 0
2 s2 3 c3 0.0799278189559 0.103174603175 0.130259581212 1 0 0 1 1 0.864734027714 2 1 0 2 2 0.135265972286
2 s2 4 c4 0 0.0 0 1 0 0 1 1 1.0 2 1 0 2 2 0
3 s3 0 c0 0.0610229980434 0.0814742967992 0.105893487356 1 0 0 1 1 1.0 2 1 0 2 2 0
3 s3 1 c1 0.0645414465835 0.0862785862786 0.112219767356 1 0 0.529159072509 1 1 0.470840927491 2 1 0 2 2 0
3 s3 2 c2 0.0916137433636 0.116910229645 0.146102150638 1 0 0 1 1 0.813261425204 2 1 0.186738574796 2 2 0
3 s3 3 c3 0.0342024418678 0.0504032258065 0.0710667330685 1 0 0 1 1 0.976987591065 2 1 0 2 2 0.0230124089346
3 s3 4 c4 0 0.0 0 1 0 0 1 1 1.0 2 1 0 2 2 0
4 s4 0 c0 0.0497586019194 0.0684007707129 0.0911161596256 1 0 0 1 1 1.0 2 1 0 2 2 0
4 s4 1 c1 0.0209157690646 0.0341614906832 0.0521902721148 1 0 0.16477650332 1 1 0.83522349668 2 1 0 2 2 0
4 s4 2 c2 0.311368010618 0.350462487153 0.391041729261 1 0 0 1 1 0.861928582099 2 1 0.138071417901 2 2 0
4 s4 3 c3 0 0.0 0 1 0 0 1 1 0.863734614867 2 1 0 2 2 0.136265385133
4 s4 4 c4 0 0.0 0 1 0 0 1 1 1.0 2 1 0 2 2 0
5 s5 0 c0 0.127272267504 0.155445544554 0.186931180265 1 0 0 1 1 1.0 2 1 0 2 2 0
5 s5 1 c1 0.00704527692356 0.0152749490835 0.0284882280477 1 0 0.0614806475572 1 1 0.938519352443 2 1 0 2 2 0
5 s5 2 c2 0.409420723536 0.449657869013 0.490369960124 1 0 0 1 1 0.983832429264 2 1 0.0161675707355 2 2 0
5 s5 3 c3 0.000720605752676 0.00428265524625 0.0134221290929 1 0 0 1 1 0.688673181153 2 1 0 2 2 0.311326818847
5 s5 4 c4 0.00151231120635 0.00589390962672 0.0153099325179 1 0 0 1 1 1.0 2 1 0 2 2 0
6 s6 0 c0 0.0739767792547 0.0963618485742 0.122619100575 1 0 0 1 1 1.0 2 1 0 2 2 0
6 s6 1 c1 0.269626897799 0.306403940887 0.345024256661 1 0 0 1 1 1.0 2 1 0 2 2 0
6 s6 2 c2 0.125223794942 0.153611393693 0.185421618509 1 0 0 1 1 0.809752074194 2 1 0.190247925806 2 2 0
6 s6 3 c3 0.0184194095144 0.0306324110672 0.0474515804621 1 0 0 1 1 0.944392542339 2 1 0 2 2 0.0556074576609
6 s6 4 c4 0 0.0 0 1 0 0 1 1 1.0 2 1 0 2 2 0
7 s7 0 c0 0.244285943795 0.279843444227 0.317483619086 1 0 0 1 1 1.0 2 1 0 2 2 0
7 s7 1 c1 0 0.0 0 1 0 0.105001886937 1 1 0.894998113063 2 1 0 2 2 0
7 s7 2 c2 0.33719399781 0.376915219612 0.417850699673 1 0 0 1 1 0.537453188789 2 1 0.462546811211 2 2 0
7 s7 3 c3 0.0217512299331 0.034965034965 0.0527818032966 1 0 0 1 1 0.912222194291 2 1 0 2 2 0.0877778057093
7 s7 4 c4 0.0193026580821 0.0318091451292 0.0489347384679 1 0 0 1 1 1.0 2 1 0 2 2 0
8 s8 0 c0 0.290172426709 0.328267477204 0.36804378773 1 0 0 1 1 1.0 2 1 0 2 2 0
8 s8 1 c1 0.10882103928 0.135323383085 0.165353632336 1 0 0.100139271015 1 1 0.899860728985 2 1 0 2 2 0
8 s8 2 c2 0.210454797797 0.245128205128 0.282331707762 1 0 0 1 1 0.457842318073 2 1 0.542157681927 2 2 0
8 s8 3 c3 0.212962631847 0.247047244094 0.283540747184 1 0 0 1 1 0.920793086737 2 1 0 2 2 0.0792069132632
8 s8 4 c4 0.0232219665977 0.0373134328358 0.0562917266631 1 0 0 1 1 1.0 2 1 0 2 2 0
9 s9 0 c0 0.118026644234 0.144913627639 0.175110559121 1 0 0 1 1 1.0 2 1 0 2 2 0
9 s9 1 c1 0 0.0 0 1 0 0 1 1 1.0 2 1 0 2 2 0
9 s9 2 c2 0.218057591072 0.25306122449 0.290503123178 1 0 0 1 1 0.987427854807 2 1 0.012572145193 2 2 0
9 s9 3 c3 0.191785957799 0.225152129817 0.26121754662 1 0 0 1 1 0.78825901117 2 1 0 2 2 0.21174098883
9 s9 4 c4 0 0.0 0 1 0 0 1 1 1.0 2 1 0 2 2 0
