10 #m
5 #n
0 s0 0 c0 0.0989068268654 0.124144672532 0.152957021403 1 0 0 1 1 1.0 2 1 0 2 2 0
0 s0 1 c1 0.132033562283 0.161060142712 0.193441228345 1 0 0 1 1 1.0 2 1 0 2 2 0
0 s0 2 c2 0.229064320718 0.265458422175 0.304272121147 1 0 0 1 1 0.765309639339 2 1 0.234690360661 2 2 0
0 s0 3 c3 0.0297548968231 0.0449101796407 0.064545435723 1 0 0 1 1 0.851278365919 2 1 0 2 2 0.148721634081
0 s0 4 c4 0 0.0 0 1 0 0 1 1 1.0 2 1 0 2 2 0
1 s1 0 c0 0.084193221797 0.10847107438 0.136691845705 1 0 0 1 1 1.0 2 1 0 2 2 0
1 s1 1 c1 0.24576953556 0.282208588957 0.320801175323 1 0 0 1 1 1.0 2 1 0 2 2 0
1 s1 2 c2 0.295103125903 0.333001988072 0.37250458712 1 0 0 1 1 1.0 2 1 0 2 2 0
1 s1 3 c3 0 0.0 0 1 0 0 1 1 0.935473603492 2 1 0 2 2 0.064526396508
1 s1 4 c4 0 0.0 0 1 0 0 1 1 1.0 2 1 0 2 2 0
2 s2 0 c0 0.0694597057975 0.0913604766634 0.117223250141 1 0 0 1 1 1.0 2 1 0 2 2 0
2 s2 1 c1 0 0.0 0 1 0 0.19979913345 1 1 0.80020086655 2 1 0 2 2 0
2 s2 2 c2 0.377834253845 0.417733990148 0.458416115877 1 0 0 1 1 0.855799864882 2 1 0.144200135118 2 2 0
2 s2 3 c3 0 0.0 0 1 0 0 1 1 0.728502216356 2 1 0 2 2 0.271497783644
2 s2 4 c4 0 0.0 0 1 0 0 1 1 1.0 2 1 0 2 2 0
3 s3 0 c0 0.0526449824951 0.0719921104536 0.0954725182529 1 0 0 1 1 1.0 2 1 0 2 2 0
3 s3 1 c1 0.213011566524 0.247484909457 0.284416552193 1 0 0.0282877407844 1 1 0.971712259216 2 1 0 2 2 0
3 s3 2 c2 0.0754995340049 0.0987525987526 0.126076277832 1 0 0 1 1 1.0 2 1 0 2 2 0
3 s3 3 c3 0.0494836509605 0.0688935281837 0.0927158093198 1 0 0 1 1 0.879075258117 2 1 0 2 2 0.120924741883
3 s3 4 c4 0 0.0 0 1 0 0 1 1 1.0 2 1 0 2 2 0
4 s4 0 c0 0 0.0 0 1 0 0 1 1 1.0 2 1 0 2 2 0
4 s4 1 c1 0.130251162163 0.158512720157 0.190017720799 1 0 0.57888588275 1 1 0.42111411725 2 1 0 2 2 0
4 s4 2 c2 0.237023409033 0.273195876289 0.311630025988 1 0 0 1 1 0.58589062057 2 1 0.41410937943 2 2 0
4 s4 3 c3 0 0.0 0 1 0 0 1 1 0.863734614867 2 1 0 2 2 0.136265385133
4 s4 4 c4 0 0.0 0 1 0 0 1 1 1.0 2 1 0 2 2 0
5 s5 0 c0 0.00295910856083 0.00848256361923 0.0187511042992 1 0 0 1 1 1.0 2 1 0 2 2 0
5 s5 1 c1 0.0103155054734 0.0198412698413 0.0341426445182 1 0 0.350550550453 1 1 0.649449449547 2 1 0 2 2 0
5 s5 2 c2 0.33200584934 0.371342078708 0.411932145963 1 0 0 1 1 0.694762526368 2 1 0.305237473632 2 2 0
5 s5 3 c3 0.000657842264249 0.0039100684262 0.012259324947 1 0 0 1 1 0.688673181153 2 1 0 2 2 0.311326818847
5 s5 4 c4 0 0.0 0 1 0 0 1 1 1.0 2 1 0 2 2 0
6 s6 0 c0 0.0143252376512 0.0254582484725 0.0414115617307 1 0 0 1 1 1.0 2 1 0 2 2 0
6 s6 1 c1 0.07571888323 0.0983284169125 0.124790371792 1 0 0.738350643792 1 1 0.261649356208 2 1 0 2 2 0
6 s6 2 c2 0.111318138118 0.137931034483 0.168011153004 1 0 0 1 1 0.848945835602 2 1 0.151054164398 2 2 0
6 s6 3 c3 0.00262148058365 0.00813835198372 0.0187979975917 1 0 0 1 1 0.944392542339 2 1 0 2 2 0.0556074576609
6 s6 4 c4 0 0.0 0 1 0 0 1 1 1.0 2 1 0 2 2 0
7 s7 0 c0 0.0174855636436 0.0296523517382 0.0466015109727 1 0 0 1 1 1.0 2 1 0 2 2 0
7 s7 1 c1 0.209953407499 0.243854473943 0.280192617508 1 0 0.344673496143 1 1 0.655326503857 2 1 0 2 2 0
7 s7 2 c2 0.263625283629 0.300399201597 0.33909857027 1 0 0 1 1 0.824672520583 2 1 0.175327479417 2 2 0
7 s7 3 c3 0.0134830910093 0.0242914979757 0.039907011256 1 0 0 1 1 0.807220307354 2 1 0 2 2 0.192779692646
7 s7 4 c4 0.0192641328385 0.031746031746 0.0488385073009 1 0 0 1 1 1.0 2 1 0 2 2 0
8 s8 0 c0 0.235832682391 0.272158498436 0.310782632828 1 0 0 1 1 1.0 2 1 0 2 2 0
8 s8 1 c1 0.0266177659721 0.0413223140496 0.0607100337089 1 0 0 1 1 1.0 2 1 0 2 2 0
8 s8 2 c2 0.225464920283 0.259398496241 0.295518639248 1 0 0 1 1 0.457842318073 2 1 0.542157681927 2 2 0
8 s8 3 c3 0.101296322737 0.126984126984 0.156271913639 1 0 0 1 1 0.920793086737 2 1 0 2 2 0.0792069132632
8 s8 4 c4 0.0212253186855 0.0346638655462 0.052950466296 1 0 0 1 1 1.0 2 1 0 2 2 0
9 s9 0 c0 0.00106248198776 0.00492125984252 0.0138643344329 1 0 0 1 1 1.0 2 1 0 2 2 0
9 s9 1 c1 0 0.0 0 1 0 0.236421542869 1 1 0.763578457131 2 1 0 2 2 0
9 s9 2 c2 0.154948914335 0.18578680203 0.219718063515 1 0 0 1 1 0.76344182389 2 1 0.23655817611 2 2 0
9 s9 3 c3 0 0.0 0 1 0 0 1 1 0.326822621445 2 1 0 2 2 0.673177378555
9 s9 4 c4 0 0.0 0 1 0 0 1 1 1.0 2 1 0 2 2 0
