10 #m
5 #n
0 s0 0 c0 0 0.0 0 3 2 0 3 1 0.14096885088 1 1 0.227923536737 2 2 0.631107612383
0 s0 1 c1 0.00898868033473 0.018018018018 0.0318963750899 3 2 0.0241899186015 3 1 0 1 1 0.975810081399 2 2 0
0 s0 2 c2 0.0430067728896 0.0608175473579 0.0829267948855 3 2 0 3 1 0 1 1 1.0 2 2 0
0 s0 3 c3 0.0656397555452 0.0869565217391 0.112260362186 3 2 0 3 1 0 1 1 1.0 2 2 0
0 s0 4 c4 0.0956901163275 0.120505344995 0.148909521065 3 2 0 3 1 0 1 1 1.0 2 2 0
1 s1 0 c0 0.0214218430202 0.034188034188 0.0513352080893 3 2 0 3 1 0.276767091023 1 1 0.435209799318 2 2 0.288023109659
1 s1 1 c1 0.0540156332417 0.0733590733591 0.096733024829 3 2 0 3 1 0.0807644383151 1 1 0.919235561685 2 2 0
1 s1 2 c2 0.204857199398 0.239064089522 0.275840453076 3 2 0 3 1 0 1 1 1.0 2 2 0
1 s1 3 c3 0.0464395544059 0.064870259481 0.0875601150969 3 2 0 3 1 0 1 1 1.0 2 2 0
1 s1 4 c4 0.122145721609 0.15 0.181254013496 3 2 0 3 1 0 1 1 1.0 2 2 0
2 s2 0 c0 0.0534418889942 0.0727449078565 0.096104506567 3 2 0 3 1 0.405385450664 1 1 0.594614549336 2 2 0
2 s2 1 c1 0.19322917626 0.226155358899 0.261688284605 3 2 0.330890935373 3 1 0.0150174025873 1 1 0.65409166204 2 2 0
2 s2 2 c2 0.0570168678884 0.0773930753564 0.101981003824 3 2 0 3 1 0 1 1 1.0 2 2 0
2 s2 3 c3 0.0839717618376 0.108053007136 0.136028702053 3 2 0 3 1 0 1 1 1.0 2 2 0
2 s2 4 c4 0.137353209021 0.166500498504 0.198874522436 3 2 0 3 1 0 1 1 1.0 2 2 0
3 s3 0 c0 0 0.0 0 3 2 0 3 1 0.0531257905069 1 1 0.946874209493 2 2 0
3 s3 1 c1 0.00971432538839 0.0190571715145 0.0332419705529 3 2 0 3 1 0.0225374847363 1 1 0.977462515264 2 2 0
3 s3 2 c2 0.0715411944353 0.0933589990375 0.118995709119 3 2 0 3 1 0 1 1 1.0 2 2 0
3 s3 3 c3 0.0500012464125 0.0688976377953 0.0919513729739 3 2 0 3 1 0 1 1 1.0 2 2 0
3 s3 4 c4 0.314367998407 0.352099236641 0.39119323934 3 2 0 3 1 0 1 1 1.0 2 2 0
4 s4 0 c0 0 0.0 0 3 2 0 3 1 0.162227281932 1 1 0.58583856402 2 2 0.251934154049
4 s4 1 c1 0.0407487389167 0.0580137659784 0.0795473255076 3 2 0.0658987318304 3 1 0 1 1 0.93410126817 2 2 0
4 s4 2 c2 0.146373224977 0.175953079179 0.208605010237 3 2 0 3 1 0 1 1 1.0 2 2 0
4 s4 3 c3 0.138108639912 0.168454935622 0.202255233964 3 2 0 3 1 0 1 1 1.0 2 2 0
4 s4 4 c4 0.23977087115 0.275551102204 0.313506206675 3 2 0 3 1 0 1 1 1.0 2 2 0
5 s5 0 c0 0.0474142040765 0.0655270655271 0.0876835039144 3 2 0 3 1 0.349156294645 1 1 0.615393455806 2 2 0.0354502495489
5 s5 1 c1 0.185064033829 0.216936251189 0.251415904335 3 2 0.349156294645 3 1 0 1 1 0.650843705355 2 2 0
5 s5 2 c2 0.0580823633361 0.079347826087 0.105090129486 3 2 0 3 1 0 1 1 1.0 2 2 0
5 s5 3 c3 0.0451961137458 0.0629770992366 0.0848473195671 3 2 0 3 1 0 1 1 1.0 2 2 0
5 s5 4 c4 0.0768530069539 0.10020661157 0.127589982499 3 2 0 3 1 0 1 1 1.0 2 2 0
6 s6 0 c0 0.0470077382881 0.0656565656566 0.0886083218684 3 2 0 3 1 0.127179368031 1 1 0.872820631969 2 2 0
6 s6 1 c1 0.0408938570964 0.0584088620342 0.0802926501055 3 2 0.0690578060382 3 1 0 1 1 0.930942193962 2 2 0
6 s6 2 c2 0.0185976461356 0.0312174817898 0.0486846498515 3 2 0 3 1 0 1 1 1.0 2 2 0
6 s6 3 c3 0.00303068423954 0.00868725868726 0.019201185102 3 2 0 3 1 0 1 1 1.0 2 2 0
6 s6 4 c4 0.306409393212 0.34375 0.382519459297 3 2 0 3 1 0 1 1 1.0 2 2 0
7 s7 0 c0 0.0651801586718 0.0876232201533 0.114483382783 3 2 0 3 1 0.143546671709 1 1 0.655657537268 2 2 0.200795791024
7 s7 1 c1 0.103366935747 0.129191321499 0.158572404746 3 2 0.143546671709 3 1 0 1 1 0.856453328291 2 2 0
7 s7 2 c2 0.12350091223 0.150710900474 0.181135199662 3 2 0 3 1 0 1 1 1.0 2 2 0
7 s7 3 c3 0.0568013240106 0.0766246362755 0.100464956822 3 2 0 3 1 0 1 1 1.0 2 2 0
7 s7 4 c4 0.0926577369291 0.117827868852 0.146811406435 3 2 0 3 1 0 1 1 1.0 2 2 0
8 s8 0 c0 0 0.0 0 3 2 0 3 1 0.452522289652 1 1 0.392523081749 2 2 0.154954628599
8 s8 1 c1 0.257337918148 0.294358974359 0.33341926146 3 2 0.0761828475345 3 1 0.376339442117 1 1 0.547477710348 2 2 0
8 s8 2 c2 0.0245612996593 0.0383858267717 0.0567031743925 3 2 0 3 1 0 1 1 1.0 2 2 0
8 s8 3 c3 0.0202614648871 0.0330992978937 0.0505822617332 3 2 0 3 1 0 1 1 1.0 2 2 0
8 s8 4 c4 0.0462909483642 0.0641509433962 0.0860413795885 3 2 0 3 1 0 1 1 1.0 2 2 0
9 s9 0 c0 0 0.0 0 3 2 0 3 1 0.111632577596 1 1 0.838840165769 2 2 0.0495272566353
9 s9 1 c1 0 0.0 0 3 2 0 3 1 0 1 1 1.0 2 2 0
9 s9 2 c2 0.0257083796543 0.0399201596806 0.0586702560371 3 2 0 3 1 0 1 1 1.0 2 2 0
9 s9 3 c3 0.0396454022784 0.056640625 0.0778894915513 3 2 0 3 1 0 1 1 1.0 2 2 0
9 s9 4 c4 0.150320911576 0.180058083253 0.212798262327 3 2 0 3 1 0 1 1 1.0 2 2 0
