10 #m
5 #n
0 s0 0 c0 0.0303343419141 0.0457782299084 0.0657798539124 3 2 0 3 0 0 3 1 0 2 1 0.0847676872649 2 0 0 1 1 0.915232312735
0 s0 1 c1 0 0.0 0 3 2 0 3 0 0 3 1 0 2 1 0 2 0 0 1 1 1.0
0 s0 2 c2 0.225346256221 0.261327713383 0.299742870912 3 2 0 3 0 0 3 1 0 2 1 0 2 0 0 1 1 1.0
0 s0 3 c3 0.584888834863 0.62512363996 0.664163358091 3 2 0 3 0 0.132481908579 3 1 0.781956282762 2 1 0 2 0 0 1 1 0.0855618086588
0 s0 4 c4 0.0557959323847 0.0754352030948 0.0990917549322 3 2 0.0847676872649 3 0 0 3 1 0 2 1 0 2 0 0 1 1 0.915232312735
1 s1 0 c0 0.00917812984793 0.018009478673 0.0314269919977 3 2 0 3 0 0 3 1 0 2 1 0.0570522933257 2 0 0 1 1 0.942947706674
1 s1 1 c1 0 0.0 0 3 2 0 3 0 0 3 1 0 2 1 0 2 0 0 1 1 1.0
1 s1 2 c2 0.269783795526 0.306772908367 0.345622058794 3 2 0 3 0 0 3 1 0 2 1 0 2 0 0 1 1 1.0
1 s1 3 c3 0.622988458633 0.662955465587 0.701328945572 3 2 0 3 0 0.0186022905352 3 1 0.769167646444 2 1 0 2 0 0 1 1 0.212230063021
1 s1 4 c4 0.0557149711122 0.0759753593429 0.100497774424 3 2 0.0669258010918 3 0 0 3 1 0 2 1 0 2 0 0 1 1 0.933074198908
2 s2 0 c0 0.0527808661861 0.0716981132075 0.0945700370429 3 2 0 3 0 0 3 1 0 2 1 0.793771850886 2 0 0 1 1 0.206228149114
2 s2 1 c1 0.0396842627304 0.0568862275449 0.0784338475181 3 2 0 3 0 0 3 1 0 2 1 0 2 0 0.110145303033 1 1 0.889854696967
2 s2 2 c2 0.184380544732 0.218378378378 0.25532641747 3 2 0 3 0 0 3 1 0 2 1 0 2 0 0 1 1 1.0
2 s2 3 c3 0.516946357833 0.559613319012 0.601661920536 3 2 0 3 0 0.355961780943 3 1 0.644038219057 2 1 0 2 0 0 1 1 0
2 s2 4 c4 0.256086281566 0.293032786885 0.332029605398 3 2 0.437810069944 3 0 0 3 1 0 2 1 0 2 0 0 1 1 0.562189930056
3 s3 0 c0 0.00435114007001 0.0110441767068 0.022735677858 3 2 0 3 0 0 3 1 0 2 1 0.0954277639651 2 0 0 1 1 0.904572236035
3 s3 1 c1 0 0.0 0 3 2 0 3 0 0 3 1 0 2 1 0 2 0 0 1 1 1.0
3 s3 2 c2 0.18110042062 0.213849287169 0.249420946582 3 2 0 3 0 0 3 1 0 2 1 0 2 0 0 1 1 1.0
3 s3 3 c3 0.149274944995 0.178916827853 0.211569643698 3 2 0 3 0 0.507278597012 3 1 0.166970527592 2 1 0 2 0 0 1 1 0.325750875395
3 s3 4 c4 0.0693540986527 0.090405904059 0.11514433783 3 2 0.0954277639651 3 0 0 3 1 0 2 1 0 2 0 0 1 1 0.904572236035
4 s4 0 c0 0.163180433517 0.194699286442 0.229235024504 3 2 0 3 0 0 3 1 0 2 1 0.73550935271 2 0 0 1 1 0.26449064729
4 s4 1 c1 0 0.0 0 3 2 0 3 0 0 3 1 0 2 1 0 2 0 0 1 1 1.0
4 s4 2 c2 0.0198602844598 0.0330138445154 0.0511058976759 3 2 0 3 0 0 3 1 0 2 1 0 2 0 0 1 1 1.0
4 s4 3 c3 0.635103142802 0.675338189386 0.713809844494 3 2 0 3 0 0.0405305169421 3 1 0.833842243459 2 1 0 2 0 0 1 1 0.125627239599
4 s4 4 c4 0.330450977943 0.369036027264 0.408852404862 3 2 0.73550935271 3 0 0 3 1 0 2 1 0 2 0 0 1 1 0.26449064729
5 s5 0 c0 0.0468654947095 0.0652818991098 0.0879146757577 3 2 0 3 0 0 3 1 0 2 1 0.499031305278 2 0 0 1 1 0.500968694722
5 s5 1 c1 0.0148318785122 0.026026026026 0.0419489547114 3 2 0 3 0 0 3 1 0 2 1 0 2 0 0.0549831260685 1 1 0.945016873932
5 s5 2 c2 0.0740504477777 0.0964566929134 0.122738018308 3 2 0 3 0 0 3 1 0 2 1 0 2 0 0 1 1 1.0
5 s5 3 c3 0.595649577347 0.636088709677 0.675202838608 3 2 0 3 0 0.203509470509 3 1 0.796490529491 2 1 0 2 0 0 1 1 0
5 s5 4 c4 0.261170558096 0.296713615023 0.334101050962 3 2 0.562379140968 3 0 0 3 1 0 2 1 0 2 0 0 1 1 0.437620859032
6 s6 0 c0 0.0388315924016 0.0560652395515 0.0777480960195 3 2 0 3 0 0 3 1 0 2 1 0.277044176318 2 0 0 1 1 0.722955823682
6 s6 1 c1 0.0777735175241 0.100691016782 0.127452522377 3 2 0 3 0 0 3 1 0 2 1 0 2 0 0.192480129062 1 1 0.807519870938
6 s6 2 c2 0.303852063661 0.342479674797 0.382653862143 3 2 0 3 0 0 3 1 0 2 1 0 2 0 0 1 1 1.0
6 s6 3 c3 0.552939362732 0.593352883675 0.632885500638 3 2 0 3 0 0.27363577567 3 1 0.72636422433 2 1 0 2 0 0 1 1 0
6 s6 4 c4 0.0802593710706 0.103869653768 0.131413637477 3 2 0.122169177493 3 0 0 3 1 0 2 1 0 2 0 0 1 1 0.877830822507
7 s7 0 c0 0.171397470612 0.203203203203 0.237887612383 3 2 0 3 0 0 3 1 0 2 1 0.62712978962 2 0 0 1 1 0.37287021038
7 s7 1 c1 0.0201395255098 0.0329012961117 0.0502824099483 3 2 0 3 0 0 3 1 0 2 1 0 2 0 0.0740371316667 1 1 0.925962868333
7 s7 2 c2 0.159212504211 0.190049751244 0.223876670436 3 2 0 3 0 0 3 1 0 2 1 0 2 0 0 1 1 1.0
7 s7 3 c3 0.596717029456 0.63768115942 0.677268451622 3 2 0 3 0 0.0969820017997 3 1 0.790411788499 2 1 0 2 0 0 1 1 0.112606209701
7 s7 4 c4 0.269464019595 0.305905130687 0.344161869104 3 2 0.544329681323 3 0 0 3 1 0 2 1 0 2 0 0 1 1 0.455670318677
8 s8 0 c0 0.0220168313348 0.0353892821031 0.0534162125426 3 2 0 3 0 0 3 1 0 2 1 0.0867199687197 2 0 0 1 1 0.91328003128
8 s8 1 c1 0.0958506391241 0.122381477398 0.152968271185 3 2 0 3 0 0 3 1 0 2 1 0 2 0 0.241253297947 1 1 0.758746702053
8 s8 2 c2 0 0.0 0 3 2 0 3 0 0 3 1 0 2 1 0 2 0 0 1 1 1.0
8 s8 3 c3 0.535891015507 0.577847439916 0.619018367447 3 2 0 3 0 0.280584032317 3 1 0.719415967683 2 1 0 2 0 0 1 1 0
8 s8 4 c4 0.182309947736 0.214566929134 0.249544636282 3 2 0.299571784693 3 0 0 3 1 0 2 1 0 2 0 0 1 1 0.700428215307
9 s9 0 c0 0.0677690844577 0.0893032384691 0.114773002717 3 2 0 3 0 0 3 1 0 2 1 0.213472655765 2 0 0 1 1 0.786527344235
9 s9 1 c1 0.0843375480621 0.107376283847 0.133985398134 3 2 0 3 0 0 3 1 0 2 1 0 2 0 0.243453063955 1 1 0.756546936045
9 s9 2 c2 0.0871741397385 0.111445783133 0.139518144812 3 2 0 3 0 0 3 1 0 2 1 0 2 0 0 1 1 1.0
9 s9 3 c3 0.596411583973 0.636274509804 0.674847265247 3 2 0 3 0 0.126953849779 3 1 0.755263247675 2 1 0 2 0 0 1 1 0.117782902546
9 s9 4 c4 0.139968863697 0.16874400767 0.20059991554 3 2 0.213472655765 3 0 0 3 1 0 2 1 0 2 0 0 1 1 0.786527344235
