10 #m
5 #n
0 s0 0 c0 0.288822116899 0.326653306613 0.366162771301 2 0 0 1 0 0 1 1 0.618000679449 2 1 0.381999320551
0 s0 1 c1 0.115795157257 0.142314990512 0.172131243162 2 0 0 1 0 0.259680985354 1 1 0.740319014646 2 1 0
0 s0 2 c2 0.25449177415 0.290836653386 0.329195514086 2 0 0 1 0 0 1 1 1.0 2 1 0
0 s0 3 c3 0.0241808561684 0.038038038038 0.0564699678298 2 0 0 1 0 0 1 1 1.0 2 1 0
0 s0 4 c4 0.05401331723 0.0741901776385 0.0987253794448 2 0 0.142719493064 1 0 0 1 1 0.857280506936 2 1 0
1 s1 0 c0 0.254401153809 0.290872617854 0.329371948011 2 0 0 1 0 0 1 1 0.82654410303 2 1 0.17345589697
1 s1 1 c1 0 0.0 0 2 0 0 1 0 0.27256261746 1 1 0.72743738254 2 1 0
1 s1 2 c2 0.316556807097 0.354651162791 0.394105625404 2 0 0 1 0 0 1 1 1.0 2 1 0
1 s1 3 c3 0.0759112219388 0.098440545809 0.124787022278 2 0 0 1 0 0 1 1 1.0 2 1 0
1 s1 4 c4 0.0977633846916 0.123700623701 0.153445919687 2 0 0.230760715688 1 0 0 1 1 0.769239284312 2 1 0
2 s2 0 c0 0.388143438553 0.428861788618 0.470278101603 2 0 0 1 0 0 1 1 0.563345090048 2 1 0.436654909952
2 s2 1 c1 0.0113669758409 0.021113243762 0.0354572254273 2 0 0 1 0 0.0347265296286 1 1 0.965273470371 2 1 0
2 s2 2 c2 0.307167693084 0.345803842265 0.385946169167 2 0 0 1 0 0 1 1 1.0 2 1 0
2 s2 3 c3 0 0.0 0 2 0 0 1 0 0 1 1 1.0 2 1 0
2 s2 4 c4 0.00956025097 0.0187561697927 0.0327206773286 2 0 0.0321724594398 1 0 0 1 1 0.96782754056 2 1 0
3 s3 0 c0 0.335990119893 0.374877330716 0.414950179678 2 0 0 1 0 0 1 1 0.817155523958 2 1 0.182844476042
3 s3 1 c1 0 0.0 0 2 0 0 1 0 0.207832800462 1 1 0.792167199538 2 1 0
3 s3 2 c2 0.336344519196 0.374412041392 0.413620063527 2 0 0 1 0 0 1 1 1.0 2 1 0
3 s3 3 c3 0.0338243887328 0.049850448654 0.0702957783262 2 0 0 1 0 0 1 1 1.0 2 1 0
3 s3 4 c4 0.0468165005506 0.0657620041754 0.0891549047441 2 0 0.0995548115356 1 0 0 1 1 0.900445188464 2 1 0
4 s4 0 c0 0.120437770166 0.148148148148 0.179280087227 2 0 0 1 0 0 1 1 0.841046149792 2 1 0.158953850208
4 s4 1 c1 0.276103607494 0.31214953271 0.349891365779 2 0 0 1 0 0.539064031088 1 1 0.460935968912 2 1 0
4 s4 2 c2 0.144833369689 0.173164097915 0.204367227921 2 0 0 1 0 0 1 1 1.0 2 1 0
4 s4 3 c3 0.0569795585495 0.0765595463138 0.100053464535 2 0 0 1 0 0 1 1 1.0 2 1 0
4 s4 4 c4 0.0311648425715 0.0470219435737 0.0675476139243 2 0 0.115733380008 1 0 0 1 1 0.884266619992 2 1 0
5 s5 0 c0 0.255632709817 0.292385786802 0.331176692642 2 0 0 1 0 0 1 1 0.706425172057 2 1 0.293574827943
5 s5 1 c1 0.0265901019282 0.0412796697626 0.06064801817 2 0 0 1 0 0.0868457381227 1 1 0.913154261877 2 1 0
5 s5 2 c2 0.411448063774 0.452429149798 0.493875026762 2 0 0 1 0 0 1 1 1.0 2 1 0
5 s5 3 c3 0.0969847220908 0.121764141898 0.150071759049 2 0 0 1 0 0 1 1 0.880639862439 2 1 0.119360137561
5 s5 4 c4 0.252959954878 0.289825282631 0.328779281947 2 0 0.619579433934 1 0 0 1 1 0.380420566066 2 1 0
6 s6 0 c0 0.322454882567 0.361361361361 0.401608187751 2 0 0 1 0 0 1 1 0.78262749949 2 1 0.21737250051
6 s6 1 c1 0 0.0 0 2 0 0 1 0 0.216390892415 1 1 0.783609107585 2 1 0
6 s6 2 c2 0.294437083822 0.332027424094 0.371207032334 2 0 0 1 0 0 1 1 1.0 2 1 0
6 s6 3 c3 0 0.0 0 2 0 0 1 0 0 1 1 1.0 2 1 0
6 s6 4 c4 0.0425250112208 0.0599613152805 0.0815745033954 2 0 0.123240709436 1 0 0 1 1 0.876759290564 2 1 0
7 s7 0 c0 0.53007830504 0.571428571429 0.612080167988 2 0 0 1 0 0 1 1 0.320457188126 2 1 0.679542811874
7 s7 1 c1 0 0.0 0 2 0 0 1 0 0.0559156865502 1 1 0.94408431345 2 1 0
7 s7 2 c2 0.417644372301 0.459152016546 0.501067477464 2 0 0 1 0 0 1 1 1.0 2 1 0
7 s7 3 c3 0.190928730419 0.224 0.259743696276 2 0 0 1 0 0 1 1 0.480370148591 2 1 0.519629851409
7 s7 4 c4 0.086983885869 0.111336032389 0.139521110103 2 0 0.236875291166 1 0 0 1 1 0.763124708834 2 1 0
8 s8 0 c0 0.171754053116 0.203356367226 0.237795789687 2 0 0 1 0 0 1 1 0.776146099988 2 1 0.223853900012
8 s8 1 c1 0.041414097893 0.0587659157689 0.0803612697041 2 0 0 1 0 0.113144228813 1 1 0.886855771187 2 1 0
8 s8 2 c2 0.282341498869 0.319761668322 0.35891130463 2 0 0 1 0 0 1 1 1.0 2 1 0
8 s8 3 c3 0.0805169445056 0.104338842975 0.132147010265 2 0 0 1 0 0 1 1 1.0 2 1 0
8 s8 4 c4 0.10980134645 0.136639676113 0.167053892291 2 0 0.270134875463 1 0 0 1 1 0.729865124537 2 1 0
9 s9 0 c0 0.256689436656 0.29242569511 0.330085361785 2 0 0 1 0 0 1 1 0.786014064638 2 1 0.213985935362
9 s9 1 c1 0.0104403345446 0.0200803212851 0.0345509509981 2 0 0 1 0 0.18474668125 1 1 0.81525331875 2 1 0
9 s9 2 c2 0.313732020231 0.351797862002 0.391254621065 2 0 0 1 0 0 1 1 1.0 2 1 0
9 s9 3 c3 0.0854076193841 0.109343936382 0.13706394111 2 0 0 1 0 0 1 1 0.786014064638 2 1 0.213985935362
9 s9 4 c4 0.235999541863 0.271894093686 0.310035384279 2 0 0.490950666851 1 0 0 1 1 0.509049333149 2 1 0
