10 #m
5 #n
0 s0 0 c0 0 0.0 0 3 2 0 3 3 0.897709821058 2 1 0 2 2 0 1 0 0 1 1 0.102290178942
0 s0 1 c1 0 0.0 0 3 2 0 3 3 0 2 1 0 2 2 0 1 0 0 1 1 1.0
0 s0 2 c2 0.0611684611973 0.0812324929972 0.105116885225 3 2 0.163907058905 3 3 0 2 1 0 2 2 0 1 0 0.0417763078103 1 1 0.794316633284
0 s0 3 c3 0.0610393607981 0.0826180257511 0.10857851259 3 2 0 3 3 0.0605138711321 2 1 0 2 2 0 1 0 0 1 1 0.939486128868
0 s0 4 c4 0.16000284112 0.190615835777 0.224160056889 3 2 0 3 3 0 2 1 0.115451575005 2 2 0.583078620009 1 0 0 1 1 0.301469804986
1 s1 0 c0 0.00332328372311 0.00952380952381 0.0210394047568 3 2 0 3 3 0.113876268109 2 1 0 2 2 0 1 0 0 1 1 0.886123731891
1 s1 1 c1 0.263296431362 0.300303336704 0.339262109915 3 2 0 3 3 0 2 1 0 2 2 0 1 0 0 1 1 1.0
1 s1 2 c2 0.0618095645802 0.0823643410853 0.106874152589 3 2 0 3 3 0 2 1 0 2 2 0 1 0 0.12571898739 1 1 0.87428101261
1 s1 3 c3 0.189567102023 0.221797323136 0.256602156567 3 2 0 3 3 0.185302613963 2 1 0 2 2 0 1 0 0 1 1 0.814697386037
1 s1 4 c4 0.0363716670481 0.052734375 0.0733928836115 3 2 0 3 3 0 2 1 0.0274349270441 2 2 0.113876268109 1 0 0 1 1 0.858688804847
2 s2 0 c0 0 0.0 0 3 2 0 3 3 0.306861974592 2 1 0 2 2 0 1 0 0 1 1 0.693138025408
2 s2 1 c1 0.0113999440084 0.0211742059673 0.0355588487127 3 2 0 3 3 0 2 1 0 2 2 0 1 0 0 1 1 1.0
2 s2 2 c2 0.172538836427 0.205263157895 0.240994570546 3 2 0.367684797411 3 3 0 2 1 0 2 2 0 1 0 0.282247997611 1 1 0.350067204979
2 s2 3 c3 0 0.0 0 3 2 0 3 3 0 2 1 0 2 2 0 1 0 0 1 1 1.0
2 s2 4 c4 0.0730695644355 0.0963597430407 0.12387016893 3 2 0 3 3 0 2 1 0 2 2 0.306861974592 1 0 0 1 1 0.693138025408
3 s3 0 c0 0 0.0 0 3 2 0 3 3 0.325934028751 2 1 0 2 2 0 1 0 0 1 1 0.674065971249
3 s3 1 c1 0.19089627998 0.223880597015 0.259525107254 3 2 0 3 3 0 2 1 0 2 2 0 1 0 0 1 1 1.0
3 s3 2 c2 0.0734548402105 0.0967056323061 0.124141161672 3 2 0.155805757383 3 3 0 2 1 0 2 2 0 1 0 0.0654069531541 1 1 0.778787289463
3 s3 3 c3 0.093807987056 0.11876247505 0.147421062622 3 2 0 3 3 0.0623719912415 2 1 0 2 2 0 1 0 0 1 1 0.937628008758
3 s3 4 c4 0 0.0 0 3 2 0 3 3 0 2 1 0.200762935447 2 2 0 1 0 0 1 1 0.799237064553
4 s4 0 c0 0 0.0 0 3 2 0 3 3 0.387491401748 2 1 0 2 2 0 1 0 0 1 1 0.612508598252
4 s4 1 c1 0 0.0 0 3 2 0 3 3 0 2 1 0 2 2 0 1 0 0 1 1 1.0
4 s4 2 c2 0.107733402331 0.133990147783 0.163752824604 3 2 0.430873120351 3 3 0 2 1 0 2 2 0 1 0 0.181635477901 1 1 0.387491401748
4 s4 3 c3 0 0.0 0 3 2 0 3 3 0 2 1 0 2 2 0 1 0 0 1 1 1.0
4 s4 4 c4 0 0.0 0 3 2 0 3 3 0 2 1 0.263752292163 2 2 0.0594543185135 1 0 0 1 1 0.676793389323
5 s5 0 c0 0 0.0 0 3 2 0 3 3 0.587878325073 2 1 0 2 2 0 1 0 0 1 1 0.412121674927
5 s5 1 c1 0.150938278203 0.180515759312 0.213051476163 3 2 0 3 3 0 2 1 0 2 2 0 1 0 0 1 1 1.0
5 s5 2 c2 0.00586897516834 0.0136268343816 0.0265512405238 3 2 0 3 3 0 2 1 0 2 2 0 1 0 0.0193416504821 1 1 0.980658349518
5 s5 3 c3 0.217212532315 0.252024291498 0.289264650425 3 2 0 3 3 0.233046551152 2 1 0 2 2 0 1 0 0 1 1 0.766953448848
5 s5 4 c4 0 0.0 0 3 2 0 3 3 0 2 1 0 2 2 0.231975061932 1 0 0 1 1 0.768024938068
6 s6 0 c0 0.0666386437664 0.0887265135699 0.115009736566 3 2 0 3 3 0.442467743073 2 1 0 2 2 0 1 0 0 1 1 0.557532256927
6 s6 1 c1 0.00272425328038 0.00845665961945 0.0195291070551 3 2 0 3 3 0 2 1 0 2 2 0 1 0 0 1 1 1.0
6 s6 2 c2 0.0942630449234 0.119711042312 0.148980701976 3 2 0.0114464179345 3 3 0 2 1 0 2 2 0 1 0 0.197835069826 1 1 0.790718512239
6 s6 3 c3 0.0113122552413 0.0213631739573 0.036289910727 3 2 0 3 3 0.0134697437183 2 1 0 2 2 0 1 0 0 1 1 0.986530256282
6 s6 4 c4 0 0.0 0 3 2 0 3 3 0 2 1 0.314604714308 2 2 0 1 0 0 1 1 0.685395285692
7 s7 0 c0 0 0.0 0 3 2 0 3 3 0.616716793479 2 1 0 2 2 0 1 0 0 1 1 0.383283206521
7 s7 1 c1 0 0.0 0 3 2 0 3 3 0 2 1 0 2 2 0 1 0 0 1 1 1.0
7 s7 2 c2 0.0517201836659 0.0710710710711 0.094627842407 3 2 0.562327855679 3 3 0 2 1 0 2 2 0 1 0 0.055236372364 1 1 0.382435771957
7 s7 3 c3 0.119159016016 0.146706586826 0.177679666082 3 2 0 3 3 0.11610735591 2 1 0 2 2 0 1 0 0 1 1 0.88389264409
7 s7 4 c4 0 0.0 0 3 2 0 3 3 0 2 1 0 2 2 0.0134595065166 1 0 0 1 1 0.986540493483
8 s8 0 c0 0 0.0 0 3 2 0 3 3 0.684217170911 2 1 0 2 2 0 1 0 0 1 1 0.315782829089
8 s8 1 c1 0 0.0 0 3 2 0 3 3 0 2 1 0 2 2 0 1 0 0 1 1 1.0
8 s8 2 c2 0.117422655483 0.145379023884 0.17691460125 3 2 0.301040986386 3 3 0 2 1 0 2 2 0 1 0 0.178633226572 1 1 0.520325787043
8 s8 3 c3 0.0795214467963 0.102926337033 0.13023851172 3 2 0 3 3 0 2 1 0 2 2 0 1 0 0 1 1 1.0
8 s8 4 c4 0 0.0 0 3 2 0 3 3 0 2 1 0 2 2 0.311963808302 1 0 0 1 1 0.688036191698
9 s9 0 c0 0.0404013681223 0.0577114427861 0.079345015368 3 2 0 3 3 0.184834438843 2 1 0 2 2 0 1 0 0 1 1 0.815165561157
9 s9 1 c1 0 0.0 0 3 2 0 3 3 0 2 1 0 2 2 0 1 0 0 1 1 1.0
9 s9 2 c2 0.0891464011503 0.113545816733 0.141694234023 3 2 0.109048050324 3 3 0 2 1 0 2 2 0 1 0 0.217050245674 1 1 0.673901704002
9 s9 3 c3 0.254593524942 0.290416263311 0.328200022605 3 2 0 3 3 0.347123333962 2 1 0 2 2 0 1 0 0 1 1 0.652876666038
9 s9 4 c4 0.0130255511146 0.0238095238095 0.0395194878208 3 2 0 3 3 0 2 1 0.14104677272 2 2 0.043787666123 1 0 0 1 1 0.815165561157
