10 #m
5 #n
0 s0 0 c0 0.155072586246 0.185742971888 0.219472727068 3 2 0 1 1 0.982433181268 2 1 0.0175668187318 2 2 0
0 s0 1 c1 0.117650806322 0.14498510427 0.175744730202 3 2 0.0872106781658 1 1 0.912789321834 2 1 0 2 2 0
0 s0 2 c2 0.0734802496646 0.096 0.122462184303 3 2 0 1 1 1.0 2 1 0 2 2 0
0 s0 3 c3 0.309694941746 0.347449470645 0.386621930371 3 2 0 1 1 1.0 2 1 0 2 2 0
0 s0 4 c4 0.0275131076447 0.0422110552764 0.0614525586558 3 2 0 1 1 0.912789321834 2 1 0.0872106781658 2 2 0
1 s1 0 c0 0.29686275224 0.333644859813 0.371928380953 3 2 0 1 1 0.632509375571 2 1 0.367490624429 2 2 0
1 s1 1 c1 0.314031340756 0.352705410822 0.392805078333 3 2 0.156202790559 1 1 0.765153206854 2 1 0 2 2 0.0786440025873
1 s1 2 c2 0.0677518020438 0.0898760330579 0.116139523937 3 2 0 1 1 1.0 2 1 0 2 2 0
1 s1 3 c3 0.262940732965 0.298676748582 0.336251436212 3 2 0 1 1 1.0 2 1 0 2 2 0
1 s1 4 c4 0.107591134458 0.133928571429 0.163797122776 3 2 0 1 1 0.681599420501 2 1 0.318400579499 2 2 0
2 s2 0 c0 0.424683930008 0.466119096509 0.507890070756 3 2 0 1 1 0.499541737216 2 1 0.500458262784 2 2 0
2 s2 1 c1 0.228260308218 0.26369168357 0.301441489999 3 2 0.214306020897 1 1 0.721026245434 2 1 0 2 2 0.064667733669
2 s2 2 c2 0.0199888034116 0.0332261521972 0.0514314411344 3 2 0 1 1 1.0 2 1 0 2 2 0
2 s2 3 c3 0.154850180844 0.185112634672 0.218365020193 3 2 0 1 1 1.0 2 1 0 2 2 0
2 s2 4 c4 0.0647596834642 0.0856592877767 0.110454101991 3 2 0 1 1 0.785693979103 2 1 0.214306020897 2 2 0
3 s3 0 c0 0.075316988333 0.0976789168279 0.123835669818 3 2 0 1 1 1.0 2 1 0 2 2 0
3 s3 1 c1 0.421473982115 0.463312368973 0.505522053878 3 2 0.272910631627 1 1 0.269200249254 2 1 0 2 2 0.457889119119
3 s3 2 c2 0 0.0 0 3 2 0 1 1 1.0 2 1 0 2 2 0
3 s3 3 c3 0.437521577026 0.477799227799 0.518283671462 3 2 0 1 1 1.0 2 1 0 2 2 0
3 s3 4 c4 0.193481774853 0.227272727273 0.26379210164 3 2 0 1 1 0.485103547419 2 1 0.514896452581 2 2 0
4 s4 0 c0 0.220338684628 0.25496031746 0.291933683516 3 2 0 1 1 0.720004050618 2 1 0.279995949382 2 2 0
4 s4 1 c1 0.333477740568 0.371673003802 0.411045928978 3 2 0.198148055926 1 1 0.698550211396 2 1 0 2 2 0.103301732679
4 s4 2 c2 0 0.0 0 3 2 0 1 1 1.0 2 1 0 2 2 0
4 s4 3 c3 0.291193457896 0.329012961117 0.368479537191 3 2 0 1 1 1.0 2 1 0 2 2 0
4 s4 4 c4 0.0792844001699 0.102487562189 0.129547450689 3 2 0 1 1 0.779727849716 2 1 0.220272150284 2 2 0
5 s5 0 c0 0.183380654822 0.216666666667 0.252811955248 3 2 0 1 1 0.764227388413 2 1 0.235772611587 2 2 0
5 s5 1 c1 0.333456497377 0.374062165059 0.415971915452 3 2 0.349174891327 1 1 0.650825108673 2 1 0 2 2 0
5 s5 2 c2 0.043199296085 0.0609037328094 0.0828415420004 3 2 0 1 1 1.0 2 1 0 2 2 0
5 s5 3 c3 0.317128851561 0.354777672658 0.393753078432 3 2 0 1 1 1.0 2 1 0 2 2 0
5 s5 4 c4 0.17238714795 0.203667953668 0.237719462182 3 2 0 1 1 0.650825108673 2 1 0.349174891327 2 2 0
6 s6 0 c0 0.436112865873 0.477295660949 0.518699600599 3 2 0 1 1 0.374261156283 2 1 0.625738843717 2 2 0
6 s6 1 c1 0.13872202785 0.167641325536 0.199703456696 3 2 0.131641132454 1 1 0.868358867546 2 1 0 2 2 0
6 s6 2 c2 0 0.0 0 3 2 0 1 1 1.0 2 1 0 2 2 0
6 s6 3 c3 0.0866302391125 0.110258868648 0.137526753935 3 2 0 1 1 1.0 2 1 0 2 2 0
6 s6 4 c4 0.0749219985636 0.0974409448819 0.123825067257 3 2 0 1 1 0.787236707237 2 1 0.212763292763 2 2 0
7 s7 0 c0 0.25077376852 0.28730964467 0.325933366657 3 2 0 1 1 0.69679233744 2 1 0.30320766256 2 2 0
7 s7 1 c1 0.297741937462 0.336024217962 0.37590513841 3 2 0.194245026681 1 1 0.626902623034 2 1 0 2 2 0.178852350286
7 s7 2 c2 0.106945325983 0.133136094675 0.162844690508 3 2 0 1 1 1.0 2 1 0 2 2 0
7 s7 3 c3 0.28597054226 0.324352331606 0.364493262872 3 2 0 1 1 1.0 2 1 0 2 2 0
7 s7 4 c4 0.113601042836 0.140830800405 0.171597791766 3 2 0 1 1 0.626902623034 2 1 0.373097376966 2 2 0
8 s8 0 c0 0.492826621583 0.533333333333 0.57352924818 3 2 0 1 1 0.287034824926 2 1 0.712965175074 2 2 0
8 s8 1 c1 0.455039440742 0.496894409938 0.53878041521 3 2 0.25048722687 1 1 0.539130333358 2 1 0 2 2 0.210382439771
8 s8 2 c2 0.00263491333084 0.0081799591002 0.0188935810806 3 2 0 1 1 1.0 2 1 0 2 2 0
8 s8 3 c3 0.236350016659 0.271568627451 0.308952814809 3 2 0 1 1 1.0 2 1 0 2 2 0
8 s8 4 c4 0.0873722514567 0.111439842209 0.139240064249 3 2 0 1 1 0.727412991493 2 1 0.272587008507 2 2 0
9 s9 0 c0 0.308789368914 0.347517730496 0.387738536398 3 2 0 1 1 0.591352677633 2 1 0.408647322367 2 2 0
9 s9 1 c1 0.389026029205 0.428571428571 0.468777768146 3 2 0.397323340888 1 1 0.538405489157 2 1 0 2 2 0.0642711699545
9 s9 2 c2 0 0.0 0 3 2 0 1 1 1.0 2 1 0 2 2 0
9 s9 3 c3 0.244349788547 0.28040201005 0.31858835481 3 2 0 1 1 1.0 2 1 0 2 2 0
9 s9 4 c4 0.183590838516 0.21629778672 0.251769112363 3 2 0 1 1 0.602676659112 2 1 0.397323340888 2 2 0
